106 107
106 123
106 1
106 21
106 29
106 32
106 59
107 106
107 124
107 29
107 32
107 71
109 124
109 18
109 47
109 54
109 76
109 79
10 142
10 1
10 4
10 54
10 91
110 113
110 142
110 32
110 4
110 59
110 67
110 71
110 79
110 91
112 65
112 76
113 110
113 59
113 65
113 67
113 69
113 91
123 106
123 130
123 142
123 32
123 42
123 47
123 49
123 4
123 67
123 71
123 91
124 107
124 109
124 130
124 134
124 18
124 3
124 47
124 54
124 69
124 6
124 76
124 79
124 91
130 123
130 124
130 134
130 142
130 18
130 32
130 3
130 47
130 4
130 67
130 76
130 79
134 124
134 130
142 10
142 110
142 123
142 130
142 42
142 47
142 4
142 54
142 67
142 79
142 91
18 109
18 124
18 130
18 3
18 47
18 54
18 76
18 79
1 106
1 10
1 29
1 32
1 71
1 79
21 106
21 67
21 69
21 6
29 106
29 107
29 1
29 32
29 91
32 106
32 107
32 110
32 123
32 130
32 1
32 29
32 4
32 67
32 71
32 91
3 124
3 130
3 18
3 47
3 54
3 76
3 79
42 123
42 142
42 49
42 79
47 109
47 123
47 124
47 130
47 142
47 18
47 3
47 4
47 54
47 76
47 79
49 123
49 42
4 10
4 110
4 123
4 130
4 142
4 32
4 47
4 54
4 67
4 71
4 76
4 91
54 109
54 10
54 124
54 142
54 18
54 3
54 47
54 4
54 76
54 79
59 106
59 110
59 113
59 67
59 91
65 112
65 113
65 79
65 91
67 110
67 113
67 123
67 130
67 142
67 21
67 32
67 4
67 59
67 69
67 6
67 71
67 91
69 113
69 124
69 21
69 67
69 6
69 91
6 124
6 21
6 67
6 69
71 107
71 110
71 123
71 1
71 32
71 4
71 67
71 79
76 109
76 112
76 124
76 130
76 18
76 3
76 47
76 4
76 54
76 79
79 109
79 110
79 124
79 130
79 142
79 18
79 1
79 3
79 42
79 47
79 54
79 65
79 71
79 76
79 91
91 10
91 110
91 113
91 123
91 124
91 142
91 29
91 32
91 4
91 59
91 65
91 67
91 69
91 79
