106 118
106 41
107 17
107 32
107 91
109 126
109 54
109 76
109 90
10 13
10 142
10 1
10 37
10 54
10 73
110 113
110 126
110 138
110 59
110 65
110 67
110 91
113 110
113 138
113 65
113 91
118 106
118 41
124 126
124 18
124 91
124 99
126 109
126 110
126 124
126 21
126 29
126 54
126 69
126 90
126 91
138 110
138 113
138 72
138 91
13 10
141 68
142 10
142 37
142 42
142 68
14 17
14 19
14 1
14 23
14 73
17 107
17 14
17 23
17 73
17 91
18 124
18 62
18 76
18 99
19 14
19 23
19 73
1 10
1 14
1 23
1 26
1 73
21 126
22 42
23 14
23 17
23 19
23 1
23 73
26 1
29 126
29 32
32 107
32 29
37 10
37 142
3 54
3 90
41 106
41 118
42 142
42 22
42 49
42 79
47 76
49 42
4 67
53 91
54 109
54 10
54 126
54 3
54 76
54 79
54 90
54 91
59 110
59 65
59 72
59 91
62 18
62 76
65 110
65 113
65 59
65 72
65 79
65 91
67 110
67 4
68 141
68 142
69 126
69 91
6 90
72 138
72 59
72 65
72 91
73 10
73 14
73 17
73 19
73 1
73 23
73 79
76 109
76 18
76 47
76 54
76 62
76 79
76 90
79 42
79 54
79 65
79 73
79 76
79 90
79 99
90 109
90 126
90 3
90 54
90 6
90 76
90 79
90 91
91 107
91 110
91 113
91 124
91 126
91 138
91 17
91 53
91 54
91 59
91 65
91 69
91 72
91 90
99 124
99 18
99 79
