106 118
106 123
106 26
106 41
107 139
107 17
107 29
107 32
107 71
107 86
109 130
109 54
109 62
10 130
10 139
10 14
10 19
10 1
10 23
10 73
110 113
110 123
110 126
110 138
110 26
110 32
110 33
110 53
110 59
110 67
110 71
110 72
110 79
110 91
112 4
112 68
113 110
113 138
113 67
113 91
118 106
118 123
118 26
118 33
118 41
118 67
118 71
118 90
118 97
123 106
123 110
123 118
123 124
123 130
123 139
123 142
123 17
123 18
123 22
123 26
123 33
123 3
123 42
123 47
123 49
123 4
123 54
123 62
123 63
123 67
123 71
123 76
123 79
123 90
123 97
123 99
124 123
124 130
124 1
124 4
126 110
126 67
126 69
130 109
130 10
130 123
130 124
130 134
130 18
130 1
130 26
130 32
130 47
130 4
130 54
130 62
130 76
130 79
130 99
134 130
134 4
134 99
138 110
138 113
138 67
138 91
139 107
139 10
139 123
139 14
139 19
139 1
139 26
139 29
139 67
139 71
139 97
13 48
13 4
13 54
13 92
140 26
140 71
141 4
141 68
142 123
142 4
142 68
14 10
14 139
14 17
14 19
14 1
14 23
14 32
14 71
14 73
17 107
17 123
17 14
17 23
17 29
17 32
17 73
18 123
18 130
18 62
19 10
19 139
19 14
19 1
19 23
19 54
19 71
19 73
1 10
1 124
1 130
1 139
1 14
1 19
1 23
1 26
1 32
1 71
1 73
1 79
21 33
21 67
22 123
22 26
22 41
22 42
22 49
23 10
23 14
23 17
23 19
23 1
23 73
26 106
26 110
26 118
26 123
26 130
26 139
26 140
26 1
26 22
26 32
26 33
26 42
26 49
26 71
26 79
26 97
29 107
29 139
29 17
29 32
32 107
32 110
32 130
32 14
32 17
32 1
32 26
32 29
32 73
32 86
32 97
33 110
33 118
33 123
33 21
33 26
33 4
33 63
33 67
33 71
37 67
3 123
3 90
41 106
41 118
41 22
42 123
42 22
42 26
42 79
47 123
47 130
47 62
47 99
48 13
48 4
48 69
49 123
49 22
49 26
4 112
4 123
4 124
4 130
4 134
4 13
4 141
4 142
4 33
4 48
4 54
4 63
4 67
4 68
4 71
4 76
4 79
4 90
4 92
4 97
4 99
53 110
53 91
54 109
54 123
54 130
54 13
54 19
54 4
54 79
54 90
59 110
59 67
59 91
62 109
62 123
62 130
62 18
62 47
62 76
63 123
63 33
63 4
63 67
63 71
65 67
65 72
65 91
67 110
67 113
67 118
67 123
67 126
67 138
67 139
67 21
67 33
67 37
67 4
67 59
67 63
67 65
67 69
67 6
67 71
67 72
67 91
67 97
68 112
68 141
68 142
68 4
69 126
69 48
69 67
6 67
6 71
71 107
71 110
71 118
71 123
71 139
71 140
71 14
71 19
71 1
71 26
71 33
71 4
71 63
71 67
71 6
71 97
72 110
72 65
72 67
72 91
73 10
73 14
73 17
73 19
73 1
73 23
73 32
76 123
76 130
76 4
76 62
79 110
79 123
79 130
79 1
79 26
79 42
79 4
79 54
79 99
86 107
86 32
90 118
90 123
90 3
90 4
90 54
91 110
91 113
91 138
91 53
91 59
91 65
91 67
91 72
92 13
92 4
97 118
97 123
97 139
97 26
97 32
97 4
97 67
97 71
99 123
99 130
99 134
99 47
99 4
99 79
