102 139
102 33
106 118
106 22
106 26
106 41
106 42
106 49
106 97
107 17
107 29
107 32
109 124
109 126
109 134
109 18
109 3
109 47
109 54
109 62
109 76
109 79
109 90
109 99
10 14
10 19
10 1
110 113
110 126
110 130
110 53
110 59
110 72
110 91
112 48
112 4
112 68
113 110
113 126
113 138
113 67
113 72
118 106
118 22
118 26
118 41
118 42
118 49
123 33
123 4
123 63
123 67
123 71
123 79
124 109
124 126
124 47
124 99
126 109
126 110
126 113
126 124
126 138
126 21
126 37
126 54
126 59
126 69
126 6
126 72
126 90
126 91
126 97
130 110
130 134
130 32
130 4
130 79
130 86
134 109
134 130
134 13
134 48
134 4
134 54
134 62
134 76
134 79
134 90
134 92
134 99
138 113
138 126
138 72
139 102
13 134
13 142
13 4
141 48
141 4
141 68
141 92
142 13
142 4
14 10
14 17
14 19
14 1
14 23
14 29
14 32
14 73
17 107
17 14
17 23
17 29
17 32
17 73
18 109
18 3
18 54
18 62
18 76
18 79
18 90
18 99
19 10
19 14
19 1
19 23
19 73
1 10
1 14
1 19
1 23
1 29
1 32
1 73
21 126
21 37
21 67
21 69
21 6
21 97
22 106
22 118
22 26
22 41
22 42
22 49
23 14
23 17
23 19
23 1
23 73
26 106
26 118
26 22
26 41
26 42
26 49
29 107
29 14
29 17
29 1
29 32
32 107
32 130
32 14
32 17
32 1
32 29
32 73
33 102
33 123
33 4
33 63
33 67
33 71
37 126
37 21
37 67
37 69
37 6
37 97
3 109
3 18
3 54
3 62
3 76
3 79
3 90
41 106
41 118
41 22
41 26
41 42
42 106
42 118
42 22
42 26
42 41
42 47
42 49
47 109
47 124
47 42
47 79
47 99
48 112
48 134
48 141
48 4
48 68
48 92
49 106
49 118
49 22
49 26
49 42
4 112
4 123
4 130
4 134
4 13
4 141
4 142
4 33
4 48
4 63
4 67
4 68
4 71
4 92
4 97
53 110
53 59
53 65
53 72
53 91
54 109
54 126
54 134
54 18
54 3
54 62
54 76
54 79
54 90
59 110
59 126
59 53
59 65
59 67
59 72
59 91
62 109
62 134
62 18
62 3
62 54
62 76
62 79
62 90
63 123
63 33
63 4
63 67
63 71
63 79
65 53
65 59
65 67
65 72
65 91
67 113
67 123
67 21
67 33
67 37
67 4
67 59
67 63
67 65
67 71
67 72
67 91
68 112
68 141
68 48
68 4
68 92
69 126
69 21
69 37
69 6
69 72
69 97
6 126
6 21
6 37
6 69
6 90
6 97
71 123
71 33
71 4
71 63
71 67
71 97
72 110
72 113
72 126
72 138
72 53
72 59
72 65
72 67
72 69
72 91
73 14
73 17
73 19
73 1
73 23
73 32
76 109
76 134
76 18
76 3
76 54
76 62
76 79
76 90
76 99
79 109
79 123
79 130
79 134
79 18
79 3
79 47
79 54
79 62
79 63
79 76
79 90
79 99
86 130
90 109
90 126
90 134
90 18
90 3
90 54
90 62
90 6
90 76
90 79
91 110
91 126
91 53
91 59
91 65
91 67
91 72
92 134
92 141
92 48
92 4
92 68
97 106
97 126
97 21
97 37
97 4
97 69
97 6
97 71
99 109
99 124
99 134
99 18
99 47
99 76
99 79
