1 3
1 17
1 44
1 71
1 244
1 308
1 349
1 475
1 487
1 495
2 93
2 119
2 192
2 194
2 282
2 283
2 286
2 308
2 319
2 461
3 1
3 221
3 233
3 238
3 261
3 263
3 266
3 274
3 283
3 317
3 334
3 355
3 399
3 423
4 17
4 42
4 79
4 83
4 228
4 265
4 283
4 311
4 336
4 355
5 8
5 42
5 79
5 186
5 226
5 236
5 286
5 327
5 355
5 404
6 8
6 20
6 41
6 67
6 118
6 135
6 207
6 419
6 438
6 484
7 149
7 178
7 191
7 261
7 280
7 336
7 349
7 427
7 429
7 434
7 439
7 460
7 461
8 5
8 6
8 26
8 30
8 59
8 109
8 112
8 179
8 340
8 341
9 13
9 33
9 76
9 78
9 113
9 229
9 280
9 300
9 427
9 451
10 33
10 44
10 47
10 67
10 102
10 197
10 218
10 221
10 347
10 496
11 13
11 141
11 188
11 266
11 278
11 281
11 446
11 485
11 495
11 500
12 13
12 15
12 19
12 29
12 114
12 145
12 208
12 261
12 280
12 353
13 9
13 11
13 12
13 32
13 145
13 150
13 253
13 303
13 378
13 392
14 15
14 16
14 55
14 65
14 74
14 129
14 131
14 139
14 174
14 249
14 316
14 322
14 323
14 335
14 366
14 413
14 428
14 433
14 437
14 469
14 481
14 483
14 492
14 497
15 12
15 14
15 16
15 32
15 95
15 106
15 130
15 145
15 150
15 279
16 14
16 15
16 42
16 43
16 79
16 83
16 154
16 228
16 259
16 336
17 1
17 4
17 18
17 78
17 228
17 336
17 427
17 473
17 487
17 494
18 17
18 19
18 133
18 155
18 160
18 166
18 271
18 383
18 398
18 466
19 12
19 18
19 21
19 31
19 39
19 90
19 145
19 196
19 467
19 471
20 6
20 21
20 24
20 41
20 75
20 184
20 207
20 242
20 333
20 451
21 19
21 20
21 30
21 52
21 109
21 238
21 278
21 323
21 340
21 415
22 41
22 109
22 122
22 187
22 207
22 232
22 286
22 292
22 305
22 434
23 26
23 77
23 84
23 154
23 265
23 300
23 311
23 430
23 438
23 445
24 20
24 27
24 46
24 59
24 74
24 255
24 306
24 365
24 436
24 453
25 26
25 77
25 81
25 86
25 104
25 128
25 187
25 212
25 248
25 252
25 272
25 309
25 320
25 371
25 384
25 387
25 412
25 453
25 473
25 488
26 8
26 23
26 25
26 30
26 109
26 112
26 179
26 278
26 397
26 458
27 24
27 28
27 31
27 51
27 73
27 87
27 134
27 166
27 267
27 452
28 27
28 70
28 77
28 82
28 169
28 235
28 237
28 359
28 414
28 490
29 12
29 30
29 35
29 145
29 196
29 287
29 339
29 368
29 378
29 499
30 8
30 21
30 26
30 29
30 141
30 167
30 179
30 323
30 329
30 458
31 19
31 27
31 35
31 57
31 130
31 145
31 150
31 290
31 418
31 465
32 13
32 15
32 33
32 37
32 95
32 145
32 150
32 279
32 353
32 418
33 9
33 10
33 32
33 37
33 54
33 78
33 110
33 113
33 207
33 229
34 38
34 70
34 121
34 163
34 170
34 216
34 243
34 268
34 270
34 287
34 342
34 353
34 391
35 29
35 31
35 85
35 249
35 255
35 341
35 383
35 398
35 443
35 444
36 63
36 64
36 126
36 242
36 246
36 251
36 266
36 278
36 302
36 341
37 32
37 33
37 85
37 89
37 433
37 443
37 444
37 457
37 481
37 485
38 34
38 42
38 79
38 102
38 163
38 175
38 212
38 312
38 321
38 352
39 19
39 50
39 90
39 137
39 146
39 177
39 185
39 224
39 388
39 391
40 42
40 49
40 72
40 80
40 121
40 130
40 146
40 198
40 287
40 410
41 6
41 20
41 22
41 47
41 102
41 163
41 347
41 380
41 388
41 439
42 4
42 5
42 16
42 38
42 40
42 45
42 83
42 101
42 135
42 370
43 16
43 45
43 48
43 84
43 154
43 156
43 175
43 259
43 370
43 404
43 412
44 1
44 10
44 48
44 49
44 144
44 149
44 207
44 347
44 350
44 362
45 42
45 43
45 90
45 170
45 201
45 257
45 270
45 284
45 354
45 368
45 373
45 379
45 386
45 394
45 403
45 416
45 484
46 24
46 49
46 50
46 51
46 59
46 73
46 77
46 116
46 139
46 210
47 10
47 41
47 53
47 67
47 149
47 214
47 328
47 330
47 486
47 491
48 43
48 44
48 223
48 239
48 247
48 270
48 299
48 353
48 367
48 467
49 40
49 44
49 46
49 58
49 82
49 91
49 142
49 185
49 198
49 296
49 313
49 314
50 39
50 46
50 53
50 58
50 121
50 140
50 150
50 151
50 177
50 227
50 288
50 353
50 379
50 386
50 388
50 403
50 414
50 447
50 450
50 459
50 463
50 467
50 469
50 476
50 478
50 490
51 27
51 46
51 77
51 134
51 164
51 231
51 255
51 268
51 306
51 452
52 21
52 141
52 150
52 152
52 167
52 266
52 281
52 323
52 425
52 469
53 47
53 50
53 54
53 58
53 121
53 151
53 227
53 253
53 288
53 308
53 353
53 391
53 392
53 395
53 396
53 401
53 403
53 405
53 408
53 416
53 447
53 450
53 459
53 463
53 467
53 476
53 478
54 33
54 53
54 55
54 78
54 102
54 300
54 312
54 321
54 441
54 453
55 14
55 54
55 107
55 136
55 211
55 233
55 243
55 249
55 277
55 297
55 322
55 335
55 389
55 398
55 431
55 433
55 466
56 57
56 128
56 143
56 191
56 242
56 243
56 258
56 276
56 319
56 320
56 362
56 371
56 376
56 380
56 390
56 434
57 31
57 56
57 59
57 147
57 190
57 303
57 388
57 392
57 395
57 494
58 49
58 50
58 53
58 62
58 82
58 96
58 170
58 199
58 201
58 227
58 239
58 273
58 288
58 315
58 363
58 365
58 388
58 394
58 403
58 405
58 463
58 476
58 478
58 484
58 490
59 8
59 24
59 46
59 57
59 60
59 116
59 179
59 210
59 261
59 402
60 59
60 62
60 71
60 84
60 88
60 108
60 118
60 153
60 189
60 215
60 328
61 63
61 64
61 169
61 199
61 235
61 253
61 332
61 359
61 414
61 416
62 58
62 60
62 64
62 124
62 211
62 275
62 297
62 302
62 340
62 432
62 458
63 36
63 61
63 64
63 66
63 68
63 124
63 136
63 137
63 176
63 365
63 444
64 36
64 61
64 62
64 63
64 66
64 68
64 97
64 136
64 176
64 365
64 444
65 14
65 81
65 104
65 107
65 203
65 326
65 355
65 365
65 366
65 415
65 422
65 446
65 448
65 452
65 457
65 466
65 474
65 481
65 491
65 493
66 63
66 64
66 69
66 112
66 124
66 137
66 206
66 271
66 274
66 397
66 463
67 6
67 10
67 47
67 69
67 70
67 178
67 184
67 207
67 333
67 347
68 63
68 64
68 69
68 70
68 72
68 80
68 82
68 142
68 158
68 213
68 499
69 66
69 67
69 68
69 82
69 91
69 213
69 237
69 296
69 307
69 456
69 499
70 28
70 34
70 67
70 68
70 121
70 142
70 158
70 213
70 456
70 495
70 499
71 1
71 60
71 72
71 88
71 182
71 189
71 215
71 244
71 382
71 450
71 475
72 40
72 68
72 71
72 75
72 91
72 162
72 213
72 296
72 314
72 392
72 450
73 27
73 46
73 75
73 76
73 77
73 134
73 164
73 285
73 306
73 372
73 492
74 14
74 24
74 76
74 79
74 87
74 89
74 107
74 127
74 160
74 166
74 271
74 334
74 389
74 431
74 433
75 20
75 72
75 73
75 101
75 118
75 149
75 191
75 400
75 429
75 461
75 464
76 9
76 73
76 74
76 79
76 81
76 197
76 282
76 337
76 380
76 381
76 409
76 421
76 427
76 430
76 434
76 439
76 441
76 455
76 464
77 23
77 25
77 28
77 46
77 51
77 73
77 97
77 127
77 174
77 326
77 492
78 9
78 17
78 33
78 54
78 113
78 120
78 229
78 326
78 445
78 477
79 4
79 5
79 16
79 38
79 74
79 76
79 80
79 101
79 135
79 186
79 370
80 40
80 68
80 79
80 83
80 91
80 202
80 213
80 235
80 237
80 339
80 465
81 25
81 65
81 76
81 87
81 124
81 146
81 180
81 182
81 183
81 194
81 234
81 362
81 364
81 371
81 381
81 387
81 393
81 400
81 406
81 427
81 460
81 474
81 487
81 488
81 489
81 496
82 28
82 49
82 58
82 68
82 69
82 83
82 84
82 158
82 401
82 456
82 499
83 4
83 16
83 42
83 80
83 82
83 101
83 135
83 156
83 186
83 370
83 488
84 23
84 43
84 60
84 82
84 85
84 152
84 154
84 156
84 215
84 311
84 420
85 35
85 37
85 84
85 86
85 89
85 221
85 277
85 297
85 317
85 346
85 424
85 436
85 457
85 493
85 500
86 25
86 85
86 90
86 92
86 152
86 173
86 240
86 252
86 292
86 390
86 477
87 27
87 74
87 81
87 104
87 134
87 210
87 255
87 280
87 306
87 436
87 455
88 60
88 71
88 90
88 135
88 182
88 215
88 244
88 307
88 328
88 381
88 475
89 37
89 74
89 85
89 91
89 139
89 255
89 307
89 341
89 385
89 444
89 500
90 19
90 39
90 45
90 86
90 88
90 202
90 224
90 299
90 343
90 459
90 490
91 49
91 69
91 72
91 80
91 89
91 235
91 313
91 339
91 342
91 414
91 453
92 86
92 94
92 156
92 175
92 186
92 260
92 292
92 312
92 364
92 404
92 482
93 2
93 95
93 101
93 230
93 231
93 268
93 282
93 347
93 387
93 429
93 461
94 92
94 195
94 196
94 199
94 224
94 243
94 273
94 283
94 295
94 450
94 477
95 15
95 32
95 93
95 98
95 99
95 301
95 353
95 388
95 450
95 459
95 494
96 58
96 99
96 101
96 114
96 199
96 231
96 237
96 301
96 356
96 467
96 476
97 64
97 77
97 101
97 137
97 167
97 231
97 261
97 302
97 383
97 399
97 498
98 95
98 113
98 154
98 268
98 286
98 312
98 319
98 330
98 338
98 350
98 352
98 358
98 384
98 426
98 462
99 95
99 96
99 105
99 106
99 150
99 177
99 279
99 379
99 400
99 418
99 465
100 102
100 105
100 117
100 123
100 166
100 172
100 205
100 209
100 220
100 402
100 423
100 498
101 42
101 75
101 79
101 83
101 93
101 96
101 97
101 118
101 200
101 259
101 496
102 10
102 38
102 41
102 54
102 100
102 254
102 339
102 440
102 488
102 489
102 495
103 151
103 155
103 173
103 286
103 294
103 305
103 312
103 321
103 338
103 439
103 464
104 25
104 65
104 87
104 124
104 187
104 225
104 229
104 294
104 305
104 434
104 468
105 99
105 100
105 148
105 230
105 240
105 244
105 260
105 333
105 352
105 440
105 480
106 15
106 99
106 157
106 232
106 247
106 259
106 273
106 301
106 344
106 367
106 373
107 55
107 65
107 74
107 124
107 174
107 249
107 259
107 316
107 345
107 413
107 415
107 425
107 428
107 437
107 446
107 479
108 60
108 112
108 157
108 182
108 200
108 214
108 215
108 217
108 222
108 310
108 381
109 8
109 21
109 22
109 26
109 123
109 163
109 172
109 179
109 232
109 242
109 397
110 33
110 119
110 126
110 127
110 148
110 230
110 244
110 260
110 333
110 397
110 440
110 464
110 468
111 130
111 140
111 190
111 195
111 199
111 222
111 226
111 299
111 308
111 343
111 389
112 8
112 26
112 66
112 108
112 123
112 133
112 163
112 259
112 316
112 375
112 397
113 9
113 33
113 78
113 98
113 114
113 157
113 254
113 300
113 427
113 480
113 488
114 12
114 96
114 113
114 115
114 195
114 237
114 307
114 356
114 418
114 467
115 114
115 258
115 276
115 309
115 318
115 331
115 350
115 405
115 419
115 439
115 440
116 46
116 59
116 192
116 199
116 201
116 219
116 326
116 355
116 385
116 399
116 424
117 100
117 165
117 203
117 204
117 209
117 211
117 220
117 230
117 264
117 274
117 423
117 451
118 6
118 60
118 75
118 101
118 126
118 127
118 139
118 144
118 197
118 215
118 381
118 411
119 2
119 110
119 129
119 180
119 217
119 226
119 254
119 291
119 326
119 327
119 350
119 382
120 78
120 125
120 129
120 195
120 199
120 232
120 273
120 283
120 353
120 359
120 459
120 465
121 34
121 40
121 50
121 53
121 70
121 122
121 131
121 142
121 185
121 250
121 256
121 296
121 308
121 348
121 363
121 388
121 405
121 410
121 463
121 478
122 22
122 121
122 131
122 197
122 282
122 320
122 380
122 409
122 434
122 439
122 441
122 442
122 451
122 455
122 462
122 464
122 472
122 473
122 474
122 480
122 488
122 496
123 100
123 109
123 112
123 165
123 203
123 204
123 209
123 230
123 271
123 355
123 419
123 423
124 62
124 63
124 66
124 81
124 104
124 107
124 127
124 133
124 155
124 261
124 398
124 437
124 474
125 120
125 128
125 133
125 159
125 170
125 196
125 224
125 295
125 301
125 339
125 418
125 494
126 36
126 110
126 118
126 135
126 188
126 209
126 251
126 334
126 366
126 372
126 377
126 500
127 74
127 77
127 110
127 118
127 124
127 135
127 136
127 137
127 246
127 261
127 399
127 458
127 493
128 25
128 56
128 125
128 133
128 182
128 187
128 194
128 222
128 265
128 331
128 357
128 390
128 430
128 460
128 461
128 475
129 14
129 119
129 120
129 181
129 188
129 251
129 267
129 281
129 285
129 322
129 323
129 346
129 372
129 407
129 436
129 458
129 466
129 470
129 493
130 15
130 31
130 40
130 111
130 134
130 185
130 198
130 273
130 314
130 355
130 395
130 494
131 14
131 121
131 122
131 139
131 255
131 267
131 306
131 366
131 423
131 425
131 432
131 433
131 437
131 443
131 446
131 448
131 449
131 452
131 466
131 469
131 470
131 481
131 483
131 485
131 491
131 492
131 493
131 497
132 140
132 245
132 270
132 304
132 324
132 335
132 343
132 368
132 373
132 374
132 378
132 416
133 18
133 112
133 124
133 125
133 128
133 137
133 155
133 176
133 246
133 275
133 340
133 483
134 27
134 51
134 73
134 87
134 130
134 210
134 247
134 280
134 326
134 485
134 492
135 6
135 42
135 79
135 83
135 88
135 126
135 127
135 139
135 222
135 259
135 305
135 488
136 55
136 63
136 64
136 127
136 176
136 219
136 245
136 246
136 247
136 275
136 302
136 431
137 39
137 63
137 66
137 97
137 127
137 133
137 146
137 155
137 397
137 398
137 451
137 500
138 163
138 203
138 206
138 228
138 263
138 278
138 289
138 326
138 329
138 375
138 436
138 495
139 14
139 46
139 89
139 118
139 131
139 135
139 142
139 203
139 345
139 389
139 423
139 425
139 432
139 433
139 436
139 437
139 443
139 446
139 448
139 452
139 466
139 469
139 470
139 481
139 483
139 492
139 493
139 497
140 50
140 111
140 132
140 147
140 151
140 161
140 162
140 167
140 171
140 186
140 218
140 232
140 288
140 298
140 332
140 360
140 396
140 401
140 478
141 11
141 30
141 52
141 188
141 288
141 289
141 294
141 295
141 323
141 425
141 436
141 446
142 49
142 68
142 70
142 121
142 139
142 154
142 213
142 308
142 368
142 391
142 410
142 500
143 56
143 240
143 293
143 294
143 309
143 321
143 327
143 335
143 371
143 454
143 460
143 499
144 44
144 118
144 189
144 197
144 269
144 274
144 275
144 278
144 362
144 376
144 411
144 429
145 12
145 13
145 15
145 19
145 29
145 31
145 32
145 154
145 288
145 356
145 370
145 474
146 39
146 40
146 81
146 137
146 282
146 362
146 364
146 371
146 376
146 409
146 430
146 434
146 441
146 442
146 453
146 455
146 461
146 462
146 468
147 57
147 140
147 152
147 161
147 162
147 190
147 243
147 253
147 298
147 351
147 369
147 415
148 105
148 110
148 228
148 286
148 294
148 312
148 321
148 335
148 350
148 418
148 439
148 495
149 7
149 44
149 47
149 75
149 205
149 210
149 213
149 242
149 248
149 347
149 364
149 474
150 13
150 15
150 31
150 32
150 50
150 52
150 99
150 153
150 301
150 353
150 482
151 50
151 53
151 103
151 140
151 195
151 199
151 227
151 273
151 288
151 313
151 315
151 344
151 348
151 351
151 353
151 364
151 388
151 416
151 459
151 463
151 465
151 476
151 478
151 490
152 52
152 84
152 86
152 147
152 154
152 156
152 175
152 186
152 311
152 371
152 404
152 455
153 60
153 150
153 200
153 214
153 215
153 222
153 236
153 254
153 310
153 326
153 381
153 473
154 16
154 23
154 43
154 84
154 98
154 142
154 145
154 152
154 337
154 338
154 349
154 406
154 409
154 420
154 421
154 455
154 464
154 471
154 472
154 474
154 477
154 486
155 18
155 103
155 124
155 133
155 137
155 159
155 176
155 246
155 275
155 340
155 457
155 497
156 43
156 83
156 84
156 92
156 152
156 175
156 292
156 340
156 345
156 346
156 409
156 420
157 106
157 108
157 113
157 165
157 205
157 206
157 274
157 280
157 423
157 432
157 452
157 493
158 68
158 70
158 82
158 213
158 237
158 277
158 316
158 338
158 339
158 374
158 456
158 499
159 125
159 155
159 161
159 162
159 168
159 253
159 283
159 303
159 324
159 392
159 418
159 494
160 18
160 74
160 178
160 180
160 210
160 221
160 280
160 306
160 365
160 377
161 140
161 147
161 159
161 162
161 165
161 171
161 213
161 370
161 386
161 476
161 481
161 482
162 72
162 140
162 147
162 159
162 161
162 165
162 171
162 174
162 176
162 256
162 324
162 344
162 405
163 34
163 38
163 41
163 109
163 112
163 138
163 203
163 278
163 341
163 375
163 425
163 444
164 51
164 73
164 220
164 251
164 263
164 326
164 332
164 350
164 364
164 448
164 452
164 492
165 117
165 123
165 157
165 161
165 162
165 172
165 205
165 263
165 355
165 370
165 377
165 424
166 18
166 27
166 74
166 100
166 181
166 183
166 267
166 306
166 324
166 365
166 432
166 492
167 30
167 52
167 97
167 140
167 179
167 189
167 219
167 275
167 375
167 466
167 481
167 498
168 159
168 200
168 214
168 215
168 222
168 236
168 254
168 310
168 318
168 381
168 421
168 432
169 28
169 61
169 174
169 176
169 235
169 279
169 303
169 359
169 370
169 396
169 403
169 414
170 34
170 45
170 58
170 125
170 186
170 189
170 239
170 290
170 296
170 299
170 324
170 367
170 476
171 140
171 161
171 162
171 172
171 193
171 216
171 243
171 268
171 342
171 447
171 459
171 471
171 482
172 100
172 109
172 165
172 171
172 193
172 205
172 206
172 209
172 220
172 355
172 423
172 448
172 497
173 86
173 103
173 174
173 176
173 217
173 289
173 292
173 294
173 305
173 325
173 380
173 464
173 474
174 14
174 77
174 107
174 162
174 169
174 173
174 281
174 322
174 335
174 372
174 383
174 389
174 399
174 402
174 431
174 433
174 458
174 466
174 497
175 38
175 43
175 92
175 152
175 156
175 184
175 289
175 292
175 374
175 377
175 404
175 473
175 496
176 63
176 64
176 133
176 136
176 155
176 162
176 169
176 173
176 302
176 334
176 365
176 431
176 432
177 39
177 50
177 99
177 179
177 182
177 196
177 202
177 224
177 301
177 314
177 377
177 471
177 476
178 7
178 67
178 160
178 180
178 207
178 217
178 231
178 240
178 265
178 327
178 340
178 404
178 426
179 8
179 26
179 30
179 59
179 109
179 167
179 177
179 182
179 184
179 448
179 457
179 483
180 81
180 119
180 160
180 178
180 200
180 217
180 222
180 231
180 291
180 310
180 327
180 345
180 358
180 393
180 412
180 429
180 451
180 453
180 473
180 486
180 487
180 488
181 129
181 166
181 194
181 206
181 251
181 267
181 289
181 322
181 323
181 334
181 449
181 457
181 463
182 71
182 81
182 88
182 108
182 128
182 177
182 179
182 189
182 244
182 248
182 289
182 320
182 328
182 331
182 371
182 384
182 475
182 480
183 81
183 166
183 234
183 269
183 272
183 294
183 300
183 305
183 310
183 320
183 325
183 376
183 381
183 387
183 412
183 417
183 427
183 428
183 453
183 473
183 486
183 487
183 488
184 20
184 67
184 175
184 179
184 185
184 189
184 242
184 269
184 338
184 377
184 438
184 464
185 39
185 49
185 121
185 130
185 184
185 188
185 198
185 287
185 314
185 391
185 410
185 463
185 469
186 5
186 79
186 83
186 92
186 140
186 152
186 170
186 193
186 225
186 286
186 292
186 357
186 419
187 22
187 25
187 104
187 128
187 240
187 248
187 252
187 294
187 309
187 320
187 371
187 376
187 380
187 387
187 444
187 467
187 469
187 489
188 11
188 126
188 129
188 141
188 185
188 190
188 196
188 266
188 281
188 289
188 316
188 322
188 345
188 346
188 449
188 491
188 493
189 60
189 71
189 144
189 167
189 170
189 182
189 184
189 197
189 215
189 328
189 333
189 474
189 480
190 57
190 111
190 147
190 188
190 208
190 368
190 369
190 444
190 450
190 469
190 484
191 7
191 56
191 75
191 199
191 201
191 212
191 241
191 272
191 333
191 349
191 352
191 391
191 454
191 460
192 2
192 116
192 201
192 230
192 231
192 282
192 319
192 328
192 382
192 391
192 419
192 429
192 461
193 171
193 172
193 186
193 226
193 240
193 245
193 269
193 300
193 352
193 357
193 438
193 477
193 495
194 2
194 81
194 128
194 181
194 217
194 222
194 226
194 231
194 234
194 282
194 327
194 337
194 338
194 349
194 393
194 401
194 412
194 451
194 453
194 480
194 486
194 488
194 489
195 94
195 111
195 114
195 120
195 151
195 197
195 298
195 307
195 332
195 343
195 356
195 360
195 374
195 387
195 476
196 19
196 29
196 94
196 125
196 177
196 188
196 283
196 324
196 444
196 465
196 471
196 498
196 499
197 10
197 76
197 118
197 122
197 144
197 189
197 195
197 198
197 244
197 269
197 337
197 362
197 364
197 384
197 419
197 421
197 442
197 445
197 454
197 474
197 496
198 40
198 49
198 130
198 185
198 197
198 200
198 237
198 243
198 250
198 253
198 287
198 314
198 410
198 490
199 58
199 61
199 94
199 96
199 111
199 116
199 120
199 151
199 191
199 208
199 298
199 332
199 360
199 444
199 499
200 101
200 108
200 153
200 168
200 180
200 198
200 204
200 214
200 236
200 310
200 409
200 426
200 455
201 45
201 58
201 116
201 191
201 192
201 290
201 296
201 303
201 308
201 342
201 356
201 367
201 369
202 80
202 90
202 177
202 203
202 210
202 224
202 290
202 342
202 344
202 363
202 390
202 391
202 414
203 65
203 117
203 123
203 138
203 139
203 163
203 202
203 289
203 316
203 335
203 366
203 375
203 390
203 391
203 407
203 423
203 425
203 433
203 437
203 452
203 492
203 497
203 498
204 117
204 123
204 200
204 207
204 209
204 220
204 221
204 264
204 397
204 399
204 423
204 431
204 498
205 100
205 149
205 157
205 165
205 172
205 209
205 233
205 266
205 355
205 377
205 390
205 428
205 461
206 66
206 138
206 157
206 172
206 181
206 304
206 320
206 328
206 340
206 375
206 428
206 492
206 498
207 6
207 20
207 22
207 33
207 44
207 67
207 178
207 204
207 208
207 241
207 331
207 411
207 426
208 12
208 190
208 199
208 207
208 214
208 287
208 308
208 356
208 418
208 479
208 490
209 100
209 117
209 123
209 126
209 172
209 204
209 205
209 214
209 215
209 263
209 271
209 402
209 452
210 46
210 59
210 87
210 134
210 149
210 160
210 202
210 255
210 316
210 383
210 390
210 469
210 485
211 55
211 62
211 117
211 213
211 223
211 224
211 233
211 249
211 277
211 297
211 334
211 385
211 398
212 25
212 38
212 191
212 254
212 290
212 295
212 296
212 300
212 330
212 400
212 430
212 435
212 468
213 68
213 69
213 70
213 72
213 80
213 142
213 149
213 158
213 161
213 211
213 472
213 476
213 499
214 47
214 108
214 153
214 168
214 200
214 208
214 209
214 269
214 328
214 331
214 381
214 441
214 474
215 60
215 71
215 84
215 88
215 108
215 118
215 153
215 168
215 189
215 209
215 216
215 445
215 487
216 34
216 171
216 215
216 217
216 235
216 247
216 253
216 256
216 307
216 342
216 367
216 392
216 450
217 108
217 119
217 173
217 178
217 180
217 194
217 216
217 220
217 241
217 291
217 293
217 318
217 426
218 10
218 140
218 233
218 243
218 250
218 257
218 270
218 283
218 304
218 307
218 394
218 416
218 459
219 116
219 136
219 167
219 223
219 224
219 238
219 261
219 280
219 355
219 375
219 425
219 437
219 446
219 477
220 100
220 117
220 164
220 172
220 204
220 217
220 221
220 263
220 264
220 317
220 385
220 413
220 448
220 483
220 495
221 3
221 10
221 85
221 160
221 204
221 220
221 225
221 264
221 271
221 278
221 297
221 317
221 377
221 424
222 108
222 111
222 128
222 135
222 153
222 168
222 180
222 194
222 223
222 224
222 236
222 248
222 331
222 364
222 370
222 371
222 376
223 48
223 211
223 219
223 222
223 239
223 295
223 299
223 304
223 315
223 351
223 363
223 374
223 467
223 482
224 39
224 90
224 94
224 125
224 177
224 202
224 211
224 219
224 222
224 232
224 283
224 313
224 324
224 459
225 104
225 186
225 221
225 233
225 258
225 259
225 262
225 269
225 305
225 325
225 352
225 430
225 435
225 495
226 5
226 111
226 119
226 193
226 194
226 236
226 282
226 319
226 384
226 389
226 409
226 417
226 447
226 461
227 50
227 53
227 58
227 151
227 238
227 288
227 307
227 308
227 353
227 360
227 361
227 368
227 369
227 373
227 374
227 396
227 403
227 412
227 416
227 450
227 459
227 463
227 467
227 471
227 478
227 490
228 4
228 16
228 17
228 138
228 148
228 258
228 262
228 265
228 329
228 336
228 400
228 428
228 430
228 435
228 495
229 9
229 33
229 78
229 104
229 300
229 339
229 340
229 345
229 427
229 441
229 473
230 93
230 105
230 110
230 117
230 123
230 192
230 234
230 245
230 260
230 293
230 326
230 350
230 438
230 460
231 51
231 93
231 96
231 97
231 178
231 180
231 192
231 194
231 241
231 291
231 293
231 382
231 417
231 426
232 22
232 106
232 109
232 120
232 140
232 224
232 295
232 298
232 304
232 332
232 343
232 360
232 447
232 450
233 3
233 55
233 205
233 211
233 218
233 225
233 251
233 317
233 398
233 413
233 415
233 422
233 424
233 500
234 81
234 183
234 194
234 230
234 235
234 237
234 282
234 389
234 420
234 429
234 434
234 445
234 451
234 453
234 455
234 460
234 462
234 464
234 472
234 473
234 474
234 477
234 480
234 486
234 487
234 488
234 489
234 496
235 28
235 61
235 80
235 91
235 169
235 216
235 234
235 240
235 243
235 256
235 307
235 342
235 389
235 414
236 5
236 153
236 168
236 200
236 222
236 226
236 237
236 239
236 327
236 331
236 376
236 381
236 406
236 467
237 28
237 69
237 80
237 96
237 114
237 158
237 198
237 234
237 236
237 240
237 354
237 394
237 408
237 456
238 3
238 21
238 219
238 227
238 261
238 266
238 274
238 277
238 317
238 355
238 399
238 422
238 435
238 448
239 48
239 58
239 170
239 223
239 236
239 240
239 243
239 244
239 247
239 250
239 256
239 268
239 290
239 367
240 86
240 105
240 143
240 178
240 187
240 193
240 235
240 237
240 239
240 241
240 245
240 319
240 325
240 387
241 191
241 207
241 217
241 231
241 240
241 259
241 276
241 291
241 293
241 297
241 298
241 299
241 318
241 331
242 20
242 36
242 56
242 109
242 149
242 184
242 258
242 262
242 269
242 333
242 380
242 400
242 435
242 468
243 34
243 55
243 56
243 94
243 147
243 171
243 198
243 218
243 235
243 239
243 268
243 273
243 391
243 470
244 1
244 71
244 88
244 105
244 110
244 182
244 197
244 239
244 245
244 246
244 249
244 357
244 382
244 496
245 132
245 136
245 193
245 230
245 240
245 244
245 247
245 260
245 318
245 333
245 357
245 440
245 442
245 468
246 36
246 127
246 133
246 136
246 155
246 244
246 248
246 345
246 384
246 397
246 398
246 444
246 491
246 500
247 48
247 106
247 134
247 136
247 216
247 239
247 245
247 250
247 268
247 295
247 304
247 342
247 374
247 467
247 484
248 25
248 149
248 182
248 187
248 222
248 246
248 249
248 251
248 258
248 357
248 362
248 381
248 390
248 400
248 430
249 14
249 35
249 55
249 107
249 211
249 244
249 248
249 250
249 285
249 322
249 335
249 340
249 389
249 402
249 407
249 413
249 431
249 432
249 433
249 452
249 470
250 121
250 198
250 218
250 239
250 247
250 249
250 251
250 252
250 256
250 268
250 273
250 314
250 410
250 479
250 484
251 36
251 126
251 129
251 164
251 181
251 233
251 248
251 250
251 252
251 281
251 346
251 446
251 448
251 449
251 469
252 25
252 86
252 187
252 250
252 251
252 253
252 258
252 262
252 272
252 318
252 380
252 387
252 400
252 435
252 439
253 13
253 53
253 61
253 147
253 159
253 198
253 216
253 252
253 254
253 256
253 258
253 288
253 299
253 344
253 348
253 388
253 392
253 405
253 463
253 478
253 482
254 102
254 113
254 119
254 153
254 168
254 212
254 253
254 256
254 262
254 272
254 331
254 381
254 445
254 453
254 492
255 24
255 35
255 51
255 87
255 89
255 131
255 210
255 280
255 342
255 427
255 451
256 121
256 162
256 216
256 235
256 239
256 250
256 253
256 254
256 258
256 262
256 268
256 339
256 391
256 392
257 45
257 218
257 260
257 262
257 264
257 270
257 304
257 307
257 315
257 373
257 379
257 394
257 410
257 447
257 478
258 56
258 115
258 225
258 228
258 242
258 248
258 252
258 253
258 256
258 272
258 320
258 381
258 387
258 427
258 443
259 16
259 43
259 101
259 106
259 107
259 112
259 135
259 225
259 241
259 291
259 370
259 420
259 426
259 453
259 462
260 92
260 105
260 110
260 230
260 245
260 257
260 263
260 264
260 293
260 312
260 350
260 387
260 460
261 3
261 7
261 12
261 59
261 97
261 124
261 127
261 219
261 238
261 317
261 399
261 402
261 415
261 422
261 464
262 225
262 228
262 242
262 252
262 254
262 256
262 257
262 263
262 269
262 294
262 300
262 305
262 310
262 325
262 464
263 3
263 138
263 164
263 165
263 209
263 220
263 260
263 262
263 264
263 265
263 274
263 345
263 385
263 407
263 437
263 443
263 448
263 458
263 470
263 481
264 117
264 204
264 220
264 221
264 257
264 260
264 263
264 265
264 289
264 317
264 326
264 423
264 424
264 483
264 498
265 4
265 23
265 128
265 178
265 228
265 263
265 264
265 270
265 291
265 311
265 336
265 420
265 426
265 462
265 464
266 3
266 11
266 36
266 52
266 188
266 205
266 238
266 284
266 289
266 317
266 413
266 415
266 421
266 422
266 475
267 27
267 129
267 131
267 166
267 181
267 270
267 277
267 281
267 297
267 346
267 360
267 428
267 432
267 445
267 491
268 34
268 51
268 93
268 98
268 171
268 239
268 243
268 247
268 250
268 256
268 307
268 378
268 392
268 478
268 479
269 144
269 183
269 184
269 193
269 197
269 214
269 225
269 242
269 262
269 306
269 313
269 314
269 411
269 430
269 468
270 34
270 45
270 48
270 132
270 218
270 257
270 265
270 267
270 272
270 290
270 332
270 360
270 361
270 367
270 447
271 18
271 66
271 74
271 123
271 209
271 221
271 306
271 323
271 352
271 365
271 389
271 400
271 401
271 424
271 470
272 25
272 183
272 191
272 252
272 254
272 258
272 270
272 274
272 276
272 330
272 352
272 360
272 380
272 400
272 435
273 58
273 94
273 106
273 120
273 130
273 151
273 243
273 250
273 275
273 278
273 285
273 295
273 450
273 459
273 476
274 3
274 66
274 117
274 144
274 157
274 238
274 263
274 272
274 317
274 360
274 397
274 402
274 413
274 415
274 422
275 62
275 133
275 136
275 144
275 155
275 167
275 273
275 277
275 297
275 334
275 360
275 398
275 449
275 481
275 491
276 56
276 115
276 241
276 272
276 309
276 324
276 352
276 365
276 407
276 439
276 440
276 454
276 460
276 462
276 477
277 55
277 85
277 158
277 211
277 238
277 267
277 275
277 336
277 338
277 389
277 413
277 415
277 422
277 432
277 481
277 485
278 11
278 21
278 26
278 36
278 138
278 144
278 163
278 221
278 273
278 282
278 317
278 346
278 377
278 385
278 424
278 492
279 15
279 32
279 99
279 169
279 291
279 293
279 300
279 301
279 369
279 408
279 450
279 459
279 466
279 494
280 7
280 9
280 12
280 87
280 134
280 157
280 160
280 219
280 255
280 383
280 443
280 470
281 11
281 52
281 129
281 174
281 188
281 251
281 267
281 282
281 284
281 286
281 346
281 446
281 449
281 491
281 493
282 2
282 76
282 93
282 122
282 146
282 192
282 194
282 226
282 234
282 278
282 281
282 285
282 293
282 349
282 364
282 384
282 393
282 406
282 441
282 454
282 460
282 480
282 486
283 2
283 3
283 4
283 94
283 120
283 159
283 196
283 218
283 224
283 295
283 329
283 360
283 361
283 369
283 392
283 450
284 45
284 266
284 281
284 286
284 290
284 295
284 296
284 299
284 303
284 308
284 324
284 351
284 354
284 356
284 386
284 392
285 73
285 129
285 249
285 273
285 282
285 286
285 326
285 341
285 366
285 377
285 389
285 413
285 428
285 436
285 437
285 449
285 458
285 491
285 493
286 2
286 5
286 22
286 98
286 103
286 148
286 186
286 281
286 284
286 285
286 319
286 338
286 352
286 358
286 409
286 430
287 29
287 34
287 40
287 185
287 198
287 208
287 290
287 291
287 293
287 300
287 305
287 314
287 368
287 386
287 396
287 401
288 50
288 53
288 58
288 140
288 141
288 145
288 151
288 227
288 253
288 294
288 353
288 379
288 386
288 388
288 391
288 392
288 403
288 414
288 416
288 447
288 450
288 459
288 463
288 467
288 476
288 478
288 490
288 496
289 138
289 141
289 173
289 175
289 181
289 182
289 188
289 203
289 264
289 266
289 323
289 374
289 422
289 428
289 485
289 491
290 31
290 170
290 201
290 202
290 212
290 239
290 270
290 284
290 287
290 294
290 311
290 354
290 379
290 386
290 394
290 465
291 119
291 180
291 217
291 231
291 241
291 259
291 265
291 279
291 287
291 327
291 412
291 426
291 427
291 462
291 465
291 466
292 22
292 86
292 92
292 156
292 173
292 175
292 186
292 339
292 346
292 388
292 404
292 445
293 143
293 217
293 230
293 231
293 241
293 260
293 279
293 282
293 287
293 429
293 434
293 461
293 462
293 466
293 472
293 500
294 103
294 104
294 141
294 143
294 148
294 173
294 183
294 187
294 262
294 288
294 290
294 305
294 325
294 357
294 409
294 474
295 94
295 125
295 141
295 212
295 223
295 232
295 247
295 273
295 283
295 284
295 298
295 311
295 332
295 367
295 373
295 386
296 49
296 69
296 72
296 121
296 170
296 201
296 212
296 284
296 311
296 318
296 354
296 379
296 386
296 391
296 394
296 410
297 55
297 62
297 85
297 211
297 221
297 241
297 267
297 275
297 298
297 302
297 317
297 319
297 385
297 424
297 432
297 469
298 140
298 147
298 195
298 199
298 232
298 241
298 295
298 297
298 313
298 319
298 339
298 353
298 369
298 373
298 395
298 459
299 48
299 90
299 111
299 170
299 223
299 241
299 253
299 284
299 315
299 318
299 319
299 351
299 363
299 368
299 374
299 386
300 9
300 23
300 54
300 113
300 183
300 193
300 212
300 229
300 262
300 279
300 287
300 322
300 429
300 430
300 454
300 466
301 95
301 96
301 106
301 125
301 150
301 177
301 279
301 303
301 320
301 324
301 328
301 358
301 463
301 494
302 36
302 62
302 97
302 136
302 176
302 297
302 334
302 363
302 365
302 380
302 441
302 443
302 444
302 449
302 470
302 482
302 491
303 13
303 57
303 159
303 169
303 201
303 284
303 301
303 305
303 322
303 331
303 354
303 379
303 394
303 403
303 408
303 416
303 449
303 484
303 490
303 494
304 132
304 206
304 218
304 223
304 232
304 247
304 257
304 328
304 329
304 332
304 358
304 360
304 361
304 373
304 396
304 416
304 447
305 22
305 103
305 104
305 135
305 173
305 183
305 225
305 262
305 287
305 294
305 303
305 322
305 352
305 430
305 435
305 449
305 487
306 24
306 51
306 73
306 87
306 131
306 160
306 166
306 269
306 271
306 314
306 358
306 407
307 69
307 88
307 89
307 114
307 195
307 216
307 218
307 227
307 235
307 257
307 268
307 314
307 342
307 348
307 379
307 403
307 405
307 408
307 461
308 1
308 2
308 53
308 111
308 121
308 142
308 201
308 208
308 227
308 284
308 348
308 351
308 354
308 363
308 378
308 381
308 391
308 408
308 410
308 476
308 490
308 495
309 25
309 115
309 143
309 187
309 276
309 313
309 314
309 315
309 317
309 319
309 337
309 338
309 362
309 406
309 419
309 421
309 427
309 442
309 445
309 451
309 474
309 477
309 486
310 108
310 153
310 168
310 180
310 183
310 200
310 262
310 324
310 327
310 330
310 331
310 351
310 364
310 401
310 417
310 444
310 472
311 4
311 23
311 84
311 152
311 265
311 290
311 295
311 296
311 420
311 455
311 464
312 38
312 54
312 92
312 98
312 103
312 148
312 260
312 325
312 338
312 350
312 358
312 396
312 399
312 404
312 409
312 416
312 425
313 49
313 91
313 151
313 224
313 269
313 298
313 309
313 314
313 329
313 360
313 368
313 373
313 374
313 450
313 462
313 467
313 482
314 49
314 72
314 130
314 177
314 185
314 198
314 250
314 269
314 287
314 306
314 307
314 309
314 313
314 329
314 344
314 395
314 479
315 58
315 151
315 223
315 257
315 299
315 309
315 329
315 336
315 356
315 358
315 360
315 361
315 369
315 396
315 414
315 447
315 467
316 14
316 107
316 112
316 158
316 188
316 203
316 210
316 326
316 338
316 346
316 347
316 415
316 422
316 446
316 448
316 458
316 491
317 3
317 85
317 220
317 221
317 233
317 238
317 261
317 264
317 266
317 274
317 278
317 297
317 309
317 336
317 345
317 347
317 443
318 115
318 168
318 217
318 241
318 245
318 252
318 296
318 299
318 390
318 395
318 426
318 439
318 440
318 462
319 2
319 56
319 98
319 192
319 226
319 240
319 286
319 297
319 298
319 299
319 309
319 337
319 338
319 358
319 409
319 460
319 487
320 25
320 56
320 122
320 182
320 183
320 187
320 206
320 258
320 301
320 328
320 362
320 380
320 390
320 400
320 406
320 411
320 449
321 38
321 54
321 103
321 143
321 148
321 325
321 350
321 362
321 364
321 384
321 385
321 386
321 394
321 396
321 420
321 441
321 496
322 14
322 55
322 129
322 174
322 181
322 188
322 249
322 300
322 303
322 305
322 323
322 331
322 372
322 413
322 428
322 436
322 493
323 14
323 21
323 30
323 52
323 129
323 141
323 181
323 271
323 289
323 322
323 332
323 347
323 350
323 415
323 436
323 452
323 493
324 132
324 159
324 162
324 166
324 170
324 196
324 224
324 276
324 284
324 301
324 310
324 386
324 408
324 418
324 450
324 465
324 468
325 173
325 183
325 225
325 240
325 262
325 294
325 312
325 321
325 330
325 356
325 361
325 366
325 403
325 412
325 430
325 435
325 468
326 65
326 77
326 78
326 116
326 119
326 134
326 138
326 153
326 164
326 230
326 264
326 285
326 316
326 377
326 383
326 407
326 422
326 425
326 437
326 466
326 470
327 5
327 119
327 143
327 178
327 180
327 194
327 236
327 291
327 310
327 393
327 395
327 426
327 443
327 462
327 467
327 482
327 489
328 47
328 60
328 88
328 182
328 189
328 192
328 206
328 214
328 301
328 304
328 320
328 475
328 486
329 30
329 138
329 228
329 283
329 304
329 313
329 314
329 315
329 332
329 339
329 343
329 344
329 363
329 394
329 416
329 459
329 479
329 495
330 47
330 98
330 212
330 272
330 310
330 325
330 338
330 349
330 358
330 373
330 390
330 395
330 409
330 411
330 454
330 467
330 482
330 487
331 115
331 128
331 182
331 207
331 214
331 222
331 236
331 241
331 254
331 303
331 310
331 322
331 376
331 381
331 442
331 447
331 449
331 462
332 61
332 140
332 164
332 195
332 199
332 232
332 270
332 295
332 304
332 323
332 329
332 350
332 353
332 359
332 364
332 396
332 459
332 494
333 20
333 67
333 105
333 110
333 189
333 191
333 242
333 245
333 334
333 343
333 350
333 438
333 447
333 449
334 3
334 74
334 126
334 176
334 181
334 211
334 275
334 302
334 333
334 337
334 340
334 343
334 365
334 385
334 432
334 447
334 470
334 481
335 14
335 55
335 132
335 143
335 148
335 174
335 203
335 249
335 389
335 415
335 422
335 424
335 437
335 446
335 448
335 458
335 491
335 493
336 4
336 7
336 16
336 17
336 228
336 265
336 277
336 315
336 317
336 337
336 349
336 358
336 390
336 451
336 455
336 472
336 477
336 495
337 76
337 154
337 194
337 197
337 309
337 319
337 334
337 336
337 343
337 344
337 349
337 364
337 384
337 419
337 421
337 434
337 442
337 445
337 447
337 460
337 477
338 98
338 103
338 154
338 158
338 184
338 194
338 277
338 286
338 309
338 312
338 316
338 319
338 330
338 400
338 451
338 455
338 472
338 477
339 29
339 80
339 91
339 102
339 125
339 158
339 229
339 256
339 292
339 298
339 329
339 346
339 360
339 367
339 395
339 396
339 456
339 465
340 8
340 21
340 62
340 133
340 155
340 156
340 178
340 206
340 229
340 249
340 334
340 402
340 449
340 487
341 8
341 35
341 36
341 89
341 163
341 285
341 345
341 348
341 375
341 377
341 417
341 419
341 500
342 34
342 91
342 171
342 201
342 202
342 216
342 235
342 247
342 255
342 307
342 365
342 379
342 396
342 401
342 408
342 453
342 476
342 494
343 90
343 111
343 132
343 195
343 232
343 329
343 333
343 334
343 337
343 349
343 361
343 368
343 369
343 373
343 374
343 395
343 396
343 447
344 106
344 151
344 162
344 202
344 253
344 314
344 329
344 337
344 349
344 361
344 362
344 368
344 374
344 395
344 396
344 431
344 447
344 467
345 107
345 139
345 156
345 180
345 188
345 229
345 246
345 263
345 317
345 341
345 346
345 355
345 366
345 385
345 399
345 423
345 424
345 425
345 427
345 432
345 469
345 481
345 492
345 497
346 85
346 129
346 156
346 188
346 251
346 267
346 278
346 281
346 292
346 316
346 339
346 345
346 372
346 388
346 443
346 449
346 491
346 500
347 10
347 41
347 44
347 67
347 93
347 149
347 316
347 317
347 323
347 362
347 441
347 442
347 477
348 121
348 151
348 253
348 307
348 308
348 341
348 368
348 369
348 391
348 395
348 402
348 405
348 408
348 414
348 419
348 447
348 459
348 484
349 1
349 7
349 154
349 191
349 194
349 282
349 330
349 336
349 337
349 343
349 344
349 353
349 358
349 420
349 431
349 451
349 455
349 472
350 44
350 98
350 115
350 119
350 148
350 164
350 230
350 260
350 312
350 321
350 323
350 332
350 333
350 440
350 441
350 455
350 472
350 477
351 147
351 151
351 223
351 284
351 299
351 308
351 310
351 352
351 354
351 363
351 368
351 403
351 408
351 414
351 427
351 447
351 467
351 484
352 38
352 98
352 105
352 191
352 193
352 225
352 271
352 272
352 276
352 286
352 305
352 351
352 357
352 371
352 414
352 455
352 472
352 477
353 12
353 32
353 34
353 48
353 50
353 53
353 95
353 120
353 150
353 151
353 227
353 288
353 298
353 332
353 349
353 360
353 362
353 371
353 374
353 396
353 401
353 431
353 476
353 478
353 490
354 45
354 237
354 284
354 290
354 296
354 303
354 308
354 351
354 359
354 363
354 367
354 371
354 382
354 393
354 403
354 408
354 414
354 484
354 492
355 3
355 4
355 5
355 65
355 116
355 123
355 130
355 165
355 172
355 205
355 219
355 238
355 345
355 377
355 381
355 402
355 437
355 443
355 483
356 96
356 114
356 145
356 195
356 201
356 208
356 284
356 315
356 325
356 363
356 394
356 403
356 404
356 408
356 460
356 467
356 479
356 480
356 484
357 128
357 186
357 193
357 244
357 245
357 248
357 294
357 352
357 367
357 368
357 371
357 372
357 376
357 378
357 435
357 438
357 468
357 487
357 495
358 98
358 180
358 286
358 301
358 304
358 306
358 312
358 315
358 319
358 330
358 336
358 349
358 419
358 426
358 429
358 439
358 460
358 472
358 477
359 28
359 61
359 120
359 169
359 332
359 354
359 361
359 369
359 393
359 396
359 401
359 404
359 456
359 460
359 471
359 476
359 479
359 480
359 482
360 140
360 195
360 199
360 227
360 232
360 267
360 270
360 272
360 274
360 275
360 283
360 304
360 313
360 315
360 339
360 353
360 401
360 416
360 459
360 463
361 227
361 270
361 283
361 304
361 315
361 325
361 343
361 344
361 359
361 366
361 374
361 378
361 388
361 403
361 405
361 411
361 416
361 460
361 484
361 494
362 44
362 56
362 81
362 144
362 146
362 197
362 248
362 309
362 320
362 321
362 344
362 347
362 353
362 384
362 393
362 411
362 431
362 441
362 453
362 492
363 58
363 121
363 202
363 223
363 299
363 302
363 308
363 329
363 351
363 354
363 356
363 380
363 392
363 395
363 396
363 414
363 448
363 455
364 81
364 92
364 146
364 149
364 151
364 164
364 197
364 222
364 282
364 310
364 321
364 332
364 337
364 380
364 393
364 402
364 434
364 441
364 453
364 454
365 24
365 58
365 63
365 64
365 65
365 160
365 166
365 176
365 271
365 276
365 302
365 334
365 342
365 388
366 14
366 65
366 126
366 131
366 203
366 285
366 325
366 345
366 361
366 367
366 411
366 415
366 422
366 423
366 425
366 432
366 433
366 443
366 446
366 458
366 469
366 483
366 485
366 491
366 497
367 48
367 106
367 170
367 201
367 216
367 239
367 270
367 295
367 339
367 354
367 357
367 366
367 379
367 386
367 408
367 411
367 480
368 29
368 45
368 132
368 142
368 190
368 227
368 287
368 299
368 313
368 343
368 344
368 348
368 351
368 357
368 378
368 395
368 411
368 420
368 460
368 463
369 147
369 190
369 201
369 227
369 279
369 283
369 298
369 315
369 343
369 348
369 359
369 380
369 391
369 401
369 416
369 441
369 448
369 455
369 463
369 494
370 42
370 43
370 79
370 83
370 145
370 161
370 165
370 169
370 222
370 259
370 427
370 439
370 489
371 25
371 56
371 81
371 143
371 146
371 152
371 182
371 187
371 222
371 352
371 353
371 354
371 357
371 390
371 393
371 400
371 430
371 431
371 453
371 492
372 73
372 126
372 129
372 174
372 322
372 346
372 357
372 378
372 420
372 429
372 436
372 446
372 449
372 458
372 491
372 493
372 498
373 45
373 106
373 132
373 227
373 257
373 295
373 298
373 304
373 313
373 330
373 343
373 384
373 395
373 401
373 405
373 416
373 447
373 457
373 476
373 477
374 132
374 158
374 175
374 195
374 223
374 227
374 247
374 289
374 299
374 313
374 343
374 344
374 353
374 361
374 377
374 395
374 401
374 471
374 476
374 480
375 112
375 138
375 163
375 167
375 203
375 206
375 219
375 341
375 400
375 414
375 419
375 422
375 427
375 437
375 469
375 470
376 56
376 144
376 146
376 183
376 187
376 222
376 236
376 331
376 357
376 381
376 387
376 390
376 413
376 422
376 427
376 430
376 453
376 461
376 484
376 485
376 499
377 126
377 160
377 165
377 175
377 177
377 184
377 205
377 221
377 278
377 285
377 326
377 341
377 355
377 374
377 385
377 389
377 407
377 424
377 431
377 466
377 470
378 13
378 29
378 132
378 268
378 308
378 357
378 361
378 368
378 372
378 391
378 401
378 405
378 410
378 420
378 429
378 479
379 45
379 50
379 99
379 257
379 288
379 290
379 296
379 303
379 307
379 342
379 367
379 381
379 388
379 394
379 403
379 405
379 428
379 450
379 451
379 453
379 484
380 41
380 56
380 76
380 122
380 173
380 187
380 242
380 252
380 272
380 302
380 320
380 363
380 364
380 369
380 387
380 390
380 419
380 421
380 442
380 445
380 448
381 76
381 81
381 88
381 108
381 118
381 153
381 168
381 183
381 214
381 236
381 248
381 254
381 258
381 308
381 331
381 355
381 376
381 379
381 412
381 421
381 433
382 71
382 119
382 192
382 231
382 244
382 354
382 390
382 403
382 456
382 462
382 472
382 475
382 492
383 18
383 35
383 97
383 174
383 210
383 280
383 326
383 389
383 420
383 429
383 435
383 460
384 25
384 98
384 182
384 197
384 226
384 246
384 282
384 321
384 337
384 362
384 373
384 398
384 407
384 409
384 420
384 454
384 455
384 457
384 472
384 473
384 477
385 89
385 116
385 211
385 220
385 263
385 278
385 297
385 321
385 334
385 345
385 377
385 386
385 394
385 399
385 423
385 425
385 435
385 443
385 483
385 485
386 45
386 50
386 161
386 284
386 287
386 288
386 290
386 295
386 296
386 299
386 321
386 324
386 367
386 385
386 394
386 403
386 410
386 435
386 450
386 466
386 484
387 25
387 81
387 93
387 183
387 187
387 195
387 240
387 252
387 258
387 260
387 376
387 380
387 392
387 400
387 412
387 418
387 423
387 425
387 434
387 435
387 480
388 39
388 41
388 50
388 57
388 58
388 95
388 121
388 151
388 253
388 288
388 292
388 346
388 361
388 365
388 379
388 391
388 403
388 408
388 414
388 447
388 463
389 55
389 74
389 111
389 139
389 174
389 226
389 234
389 235
389 249
389 271
389 277
389 285
389 335
389 377
389 383
389 407
389 413
389 424
389 428
389 437
389 449
389 452
389 492
389 497
390 56
390 86
390 128
390 202
390 203
390 205
390 210
390 248
390 318
390 320
390 330
390 336
390 371
390 376
390 380
390 382
390 434
390 438
391 34
391 39
391 53
391 142
391 185
391 191
391 192
391 202
391 203
391 243
391 256
391 288
391 296
391 308
391 348
391 369
391 378
391 388
391 403
391 405
391 441
392 13
392 53
392 57
392 72
392 159
392 216
392 253
392 256
392 268
392 283
392 284
392 288
392 363
392 387
392 403
392 406
392 408
392 416
392 423
392 425
392 484
393 81
393 180
393 194
393 282
393 327
393 354
393 359
393 362
393 364
393 371
393 400
393 403
393 409
393 412
393 438
393 441
393 453
393 456
393 462
393 464
393 473
393 488
394 45
394 58
394 218
394 237
394 257
394 290
394 296
394 303
394 321
394 329
394 356
394 379
394 385
394 386
394 429
394 435
394 456
395 53
395 57
395 130
395 298
395 314
395 318
395 327
395 330
395 339
395 343
395 344
395 348
395 363
395 368
395 373
395 374
395 405
395 443
395 461
395 463
395 467
395 478
396 53
396 140
396 169
396 227
396 287
396 304
396 312
396 315
396 321
396 332
396 339
396 342
396 343
396 344
396 353
396 359
396 363
396 399
396 410
396 412
396 478
396 490
397 26
397 66
397 109
397 110
397 112
397 137
397 204
397 246
397 274
397 408
397 428
397 455
397 474
397 482
398 18
398 35
398 55
398 124
398 137
398 211
398 233
398 246
398 275
398 384
398 417
398 438
398 445
398 477
398 492
399 3
399 97
399 116
399 127
399 174
399 204
399 238
399 261
399 312
399 345
399 385
399 396
399 402
399 407
399 412
399 415
399 416
399 422
399 443
399 470
399 481
399 485
400 75
400 81
400 99
400 212
400 228
400 242
400 248
400 252
400 271
400 272
400 320
400 338
400 371
400 375
400 387
400 393
400 412
400 414
400 438
400 453
400 473
400 488
401 53
401 82
401 140
401 194
401 271
401 287
401 310
401 342
401 353
401 359
401 360
401 369
401 373
401 374
401 378
401 416
401 427
401 450
401 463
401 467
401 478
401 490
402 59
402 100
402 174
402 209
402 249
402 261
402 274
402 340
402 348
402 355
402 364
402 399
402 417
402 469
402 483
402 487
403 45
403 50
403 53
403 58
403 169
403 227
403 288
403 303
403 307
403 325
403 351
403 354
403 356
403 361
403 379
403 382
403 386
403 388
403 391
403 392
403 393
403 404
403 414
403 463
403 476
403 478
403 480
403 484
403 490
404 5
404 43
404 92
404 152
404 175
404 178
404 292
404 312
404 356
404 359
404 403
404 412
404 441
404 456
404 464
405 53
405 58
405 115
405 121
405 162
405 253
405 307
405 348
405 361
405 373
405 378
405 379
405 391
405 395
405 414
405 421
405 432
405 447
405 463
405 468
405 472
405 478
406 81
406 154
406 236
406 282
406 309
406 320
406 392
406 418
406 419
406 423
406 425
406 427
406 429
406 430
406 434
406 441
406 451
406 461
406 464
406 472
406 473
406 477
407 129
407 203
407 249
407 263
407 276
407 306
407 326
407 377
407 384
407 389
407 399
407 413
407 428
407 432
407 436
407 437
407 438
407 446
407 449
407 456
407 465
407 485
407 493
408 53
408 237
408 279
408 303
408 307
408 308
408 324
408 342
408 348
408 351
408 354
408 356
408 367
408 388
408 392
408 397
408 448
408 455
408 463
408 469
408 474
408 478
408 490
409 76
409 122
409 146
409 154
409 156
409 200
409 226
409 286
409 294
409 312
409 319
409 330
409 384
409 393
409 413
409 420
409 422
409 437
409 441
409 452
409 473
409 485
409 488
410 40
410 121
410 142
410 185
410 198
410 250
410 257
410 296
410 308
410 378
410 386
410 396
410 415
410 433
410 438
410 445
410 485
411 118
411 144
411 207
411 269
411 320
411 330
411 361
411 362
411 366
411 367
411 368
411 440
411 487
412 25
412 43
412 180
412 183
412 194
412 227
412 291
412 325
412 381
412 387
412 393
412 396
412 399
412 400
412 404
412 416
412 421
412 423
412 427
412 445
412 460
412 462
412 486
413 14
413 107
413 220
413 233
413 249
413 266
413 274
413 277
413 285
413 322
413 376
413 389
413 407
413 409
413 426
413 430
413 431
413 433
413 448
413 466
413 470
413 492
413 496
414 28
414 50
414 61
414 91
414 169
414 202
414 235
414 288
414 315
414 348
414 351
414 352
414 354
414 363
414 375
414 388
414 400
414 403
414 405
414 417
414 478
414 482
414 490
415 21
415 65
415 107
415 147
415 233
415 261
415 266
415 274
415 277
415 316
415 323
415 335
415 366
415 399
415 410
415 421
415 425
415 433
415 452
415 463
415 472
415 481
415 483
416 45
416 53
416 61
416 132
416 151
416 218
416 227
416 288
416 303
416 304
416 312
416 329
416 360
416 361
416 369
416 373
416 392
416 399
416 401
416 412
416 476
416 483
416 490
417 183
417 226
417 231
417 310
417 341
417 398
417 402
417 414
417 442
417 474
417 487
417 489
418 31
418 32
418 99
418 114
418 125
418 148
418 159
418 208
418 324
418 387
418 406
418 432
418 465
418 468
418 479
419 6
419 115
419 123
419 186
419 192
419 197
419 309
419 337
419 341
419 348
419 358
419 375
419 380
419 406
419 420
419 421
419 434
419 445
419 451
419 464
419 472
419 474
419 486
420 84
420 154
420 156
420 234
420 259
420 265
420 311
420 321
420 349
420 368
420 372
420 378
420 383
420 384
420 409
420 419
420 421
420 442
420 454
420 472
420 473
420 477
420 486
420 488
421 76
421 154
421 168
421 197
421 266
421 309
421 337
421 380
421 381
421 405
421 412
421 415
421 419
421 420
421 429
421 439
421 450
421 451
421 461
421 463
421 472
421 474
421 477
421 486
422 65
422 233
422 238
422 261
422 266
422 274
422 277
422 289
422 316
422 326
422 335
422 366
422 375
422 376
422 399
422 409
422 425
422 426
422 430
422 434
422 469
422 481
422 483
422 497
423 3
423 100
423 117
423 123
423 131
423 139
423 157
423 172
423 203
423 204
423 264
423 345
423 366
423 385
423 387
423 392
423 406
423 412
423 428
423 437
423 443
423 469
423 481
423 483
424 85
424 116
424 165
424 221
424 233
424 264
424 271
424 278
424 297
424 335
424 345
424 377
424 389
424 436
424 440
424 442
424 452
424 454
424 459
424 466
424 470
424 479
424 485
424 497
425 52
425 107
425 131
425 139
425 141
425 163
425 203
425 219
425 312
425 326
425 345
425 366
425 385
425 387
425 392
425 406
425 415
425 422
425 443
425 446
425 448
425 469
425 481
425 483
426 98
426 178
426 200
426 207
426 217
426 231
426 259
426 265
426 291
426 318
426 327
426 358
426 413
426 422
426 437
426 452
426 462
426 485
427 7
427 9
427 17
427 76
427 81
427 113
427 183
427 229
427 255
427 258
427 291
427 309
427 345
427 351
427 370
427 375
427 376
427 401
427 406
427 412
427 429
427 480
427 486
427 495
428 14
428 107
428 183
428 205
428 206
428 228
428 267
428 285
428 289
428 322
428 379
428 389
428 397
428 407
428 423
428 431
428 433
428 451
428 453
428 466
428 470
428 485
428 497
428 498
429 7
429 75
429 93
429 144
429 180
429 192
429 234
429 293
429 300
429 358
429 372
429 378
429 383
429 394
429 406
429 421
429 427
429 445
429 451
429 455
429 461
429 472
429 474
429 496
430 23
430 76
430 128
430 146
430 212
430 225
430 228
430 248
430 269
430 286
430 300
430 305
430 325
430 371
430 376
430 406
430 413
430 422
430 437
430 439
430 452
430 480
430 485
430 486
431 55
431 74
431 136
431 174
431 176
431 204
431 249
431 344
431 349
431 353
431 362
431 371
431 377
431 413
431 428
431 433
431 436
431 437
431 483
432 62
432 131
432 139
432 157
432 166
432 168
432 176
432 249
432 267
432 277
432 297
432 334
432 345
432 366
432 405
432 407
432 418
432 443
432 449
432 450
432 468
432 470
432 485
432 491
432 493
433 14
433 37
433 55
433 74
433 131
433 139
433 174
433 203
433 249
433 366
433 381
433 410
433 413
433 415
433 428
433 431
433 438
433 445
433 446
433 466
433 469
433 477
433 481
433 483
433 493
434 7
434 22
434 56
434 76
434 104
434 122
434 146
434 234
434 293
434 337
434 364
434 387
434 390
434 406
434 419
434 422
434 437
434 442
434 452
434 461
434 468
434 470
434 474
434 478
434 496
435 212
435 225
435 228
435 238
435 242
435 252
435 272
435 305
435 325
435 357
435 383
435 385
435 386
435 387
435 394
435 442
436 24
436 85
436 87
436 129
436 138
436 139
436 141
436 285
436 322
436 323
436 372
436 407
436 424
436 431
436 444
436 452
436 458
436 462
436 466
436 471
436 475
436 476
436 487
436 492
436 497
437 14
437 107
437 124
437 131
437 139
437 203
437 219
437 263
437 285
437 326
437 335
437 355
437 375
437 389
437 407
437 409
437 423
437 426
437 430
437 431
437 434
437 439
437 448
437 452
437 469
437 470
437 483
437 485
437 492
437 497
438 6
438 23
438 184
438 193
438 230
438 333
438 357
438 390
438 393
438 398
438 400
438 407
438 410
438 433
438 445
438 463
438 495
438 496
439 7
439 41
439 76
439 103
439 115
439 122
439 148
439 252
439 276
439 318
439 358
439 370
439 421
439 430
439 437
439 442
439 445
439 451
439 452
439 470
439 474
439 478
439 489
439 491
439 496
440 102
440 105
440 110
440 115
440 245
440 276
440 318
440 350
440 411
440 424
440 459
440 468
440 491
440 494
440 498
441 54
441 76
441 122
441 146
441 214
441 229
441 282
441 302
441 321
441 347
441 350
441 362
441 364
441 369
441 391
441 393
441 404
441 406
441 409
441 448
441 464
441 476
441 480
441 486
441 489
442 122
442 146
442 197
442 245
442 309
442 331
442 337
442 347
442 380
442 417
442 420
442 424
442 434
442 435
442 439
442 451
442 453
442 459
442 470
442 478
442 480
442 486
442 488
442 489
442 491
443 35
443 37
443 131
443 139
443 258
443 263
443 280
443 302
443 317
443 327
443 346
443 355
443 366
443 385
443 395
443 399
443 423
443 425
443 432
443 449
443 461
443 467
443 469
443 481
443 483
444 35
444 37
444 63
444 64
444 89
444 163
444 187
444 190
444 196
444 199
444 246
444 302
444 310
444 436
444 457
445 23
445 78
445 197
445 215
445 234
445 254
445 267
445 292
445 309
445 337
445 380
445 398
445 410
445 412
445 419
445 429
445 433
445 438
445 439
445 451
445 457
445 464
445 473
445 486
445 488
445 489
446 11
446 65
446 107
446 131
446 139
446 141
446 219
446 251
446 281
446 316
446 335
446 366
446 372
446 407
446 425
446 433
446 448
446 452
446 458
446 473
446 486
446 488
446 489
446 490
446 497
447 50
447 53
447 171
447 226
447 232
447 257
447 270
447 288
447 304
447 315
447 331
447 333
447 334
447 337
447 343
447 344
447 348
447 351
447 373
447 388
447 405
447 449
447 463
447 467
447 478
447 490
448 65
448 131
448 139
448 164
448 172
448 179
448 220
448 238
448 251
448 263
448 316
448 335
448 363
448 369
448 380
448 408
448 413
448 425
448 437
448 441
448 446
448 452
448 466
448 470
448 485
448 497
449 131
449 181
449 188
449 251
449 275
449 281
449 285
449 302
449 303
449 305
449 320
449 331
449 333
449 340
449 346
449 372
449 389
449 407
449 432
449 443
449 447
449 458
449 466
449 469
449 483
449 485
450 50
450 53
450 71
450 72
450 94
450 95
450 190
450 216
450 227
450 232
450 273
450 279
450 283
450 288
450 313
450 324
450 379
450 386
450 401
450 421
450 432
450 468
450 472
450 476
450 478
450 490
451 9
451 20
451 117
451 122
451 137
451 180
451 194
451 234
451 255
451 309
451 336
451 338
451 349
451 379
451 406
451 419
451 421
451 428
451 429
451 439
451 442
451 445
451 460
451 474
451 480
451 487
451 489
451 496
452 27
452 51
452 65
452 131
452 139
452 157
452 164
452 203
452 209
452 249
452 323
452 389
452 409
452 415
452 424
452 426
452 430
452 434
452 436
452 437
452 439
452 446
452 448
452 466
452 469
452 481
452 485
452 492
452 493
452 497
453 24
453 25
453 54
453 91
453 146
453 180
453 183
453 194
453 234
453 254
453 259
453 342
453 362
453 364
453 371
453 376
453 379
453 393
453 400
453 428
453 442
453 460
453 480
453 486
453 488
453 489
454 143
454 191
454 197
454 276
454 282
454 300
454 330
454 364
454 384
454 420
454 424
454 459
454 470
454 475
454 478
454 491
455 76
455 87
455 122
455 146
455 152
455 154
455 200
455 234
455 311
455 336
455 338
455 349
455 350
455 352
455 363
455 369
455 384
455 397
455 408
455 429
455 461
455 473
455 480
455 488
455 489
455 495
455 496
456 69
456 70
456 82
456 158
456 237
456 339
456 359
456 382
456 393
456 394
456 404
456 407
456 480
456 492
457 37
457 65
457 85
457 155
457 179
457 181
457 373
457 384
457 444
457 445
457 472
457 477
457 493
458 26
458 30
458 62
458 127
458 129
458 174
458 263
458 285
458 316
458 335
458 366
458 372
458 436
458 446
458 449
458 459
458 462
458 464
458 479
458 487
458 491
458 494
458 497
459 50
459 53
459 90
459 95
459 120
459 151
459 171
459 218
459 224
459 227
459 273
459 279
459 288
459 298
459 329
459 332
459 348
459 360
459 424
459 440
459 442
459 454
459 458
459 463
459 476
459 478
459 484
460 7
460 81
460 128
460 143
460 191
460 230
460 234
460 260
460 276
460 282
460 319
460 337
460 356
460 358
460 359
460 361
460 368
460 383
460 412
460 451
460 453
460 461
460 473
460 474
460 487
460 489
460 496
461 2
461 7
461 75
461 93
461 128
461 146
461 192
461 205
461 226
461 293
461 307
461 376
461 395
461 406
461 421
461 429
461 434
461 443
461 455
461 460
461 462
461 467
461 480
461 482
461 487
461 489
461 496
462 98
462 122
462 146
462 234
462 259
462 265
462 276
462 291
462 293
462 313
462 318
462 327
462 331
462 382
462 393
462 412
462 426
462 436
462 458
462 461
462 471
462 473
462 476
462 481
462 486
462 488
462 489
463 50
463 53
463 58
463 66
463 121
463 151
463 181
463 185
463 227
463 253
463 288
463 301
463 360
463 368
463 369
463 388
463 395
463 401
463 403
463 405
463 408
463 415
463 421
463 438
463 447
463 459
463 467
463 472
464 75
464 76
464 103
464 110
464 122
464 154
464 173
464 184
464 234
464 261
464 262
464 265
464 311
464 393
464 404
464 406
464 419
464 441
464 445
464 458
464 479
464 480
464 486
464 487
464 494
464 496
464 498
464 500
465 31
465 80
465 99
465 120
465 151
465 196
465 290
465 291
465 324
465 339
465 407
465 418
465 466
465 481
465 483
465 500
466 18
466 55
466 65
466 129
466 131
466 139
466 167
466 174
466 279
466 291
466 293
466 300
466 326
466 377
466 386
466 413
466 424
466 428
466 433
466 436
466 448
466 449
466 452
466 465
466 470
466 485
466 492
466 497
467 19
467 48
467 50
467 53
467 96
467 114
467 187
467 223
467 227
467 236
467 247
467 288
467 313
467 315
467 327
467 330
467 344
467 351
467 356
467 395
467 401
467 443
467 447
467 461
467 463
467 476
467 478
467 490
468 104
468 110
468 146
468 212
468 242
468 245
468 269
468 324
468 325
468 357
468 405
468 418
468 432
468 434
468 440
468 450
469 14
469 50
469 52
469 131
469 139
469 185
469 187
469 190
469 210
469 251
469 297
469 345
469 366
469 375
469 402
469 408
469 422
469 423
469 425
469 433
469 437
469 443
469 449
469 452
469 470
469 481
469 483
469 492
469 497
470 129
470 131
470 139
470 243
470 249
470 263
470 271
470 280
470 302
470 326
470 334
470 375
470 377
470 399
470 413
470 424
470 428
470 432
470 434
470 437
470 439
470 442
470 448
470 454
470 466
470 469
470 478
470 485
470 492
471 19
471 154
471 171
471 177
471 196
471 227
471 359
471 374
471 436
471 462
471 475
471 479
471 481
471 483
472 122
472 154
472 213
472 234
472 293
472 310
472 336
472 338
472 349
472 350
472 352
472 358
472 382
472 384
472 405
472 406
472 415
472 419
472 420
472 421
472 429
472 450
472 457
472 463
472 474
472 480
472 487
472 489
472 496
473 17
473 25
473 122
473 153
473 175
473 180
473 183
473 229
473 234
473 384
473 393
473 400
473 406
473 409
473 420
473 445
473 446
473 455
473 460
473 462
473 486
473 487
473 489
473 496
474 65
474 81
474 122
474 124
474 145
474 149
474 154
474 173
474 189
474 197
474 214
474 234
474 294
474 309
474 397
474 408
474 417
474 419
474 421
474 429
474 434
474 439
474 451
474 460
474 472
474 477
474 480
474 487
474 489
475 1
475 71
475 88
475 128
475 182
475 266
475 328
475 382
475 436
475 454
475 471
475 476
475 481
475 483
476 50
476 53
476 58
476 96
476 151
476 161
476 170
476 177
476 195
476 213
476 273
476 288
476 308
476 342
476 353
476 359
476 373
476 374
476 403
476 416
476 436
476 441
476 450
476 459
476 462
476 467
476 475
476 481
476 483
476 490
477 78
477 86
477 94
477 154
477 193
477 219
477 234
477 276
477 309
477 336
477 337
477 338
477 347
477 350
477 352
477 358
477 373
477 384
477 398
477 406
477 420
477 421
477 433
477 457
477 474
477 480
477 486
477 487
477 489
477 496
478 50
478 53
478 58
478 121
478 140
478 151
478 227
478 253
478 257
478 268
478 288
478 353
478 395
478 396
478 401
478 403
478 405
478 408
478 414
478 434
478 439
478 442
478 447
478 450
478 454
478 459
478 467
478 470
478 490
478 491
479 107
479 208
479 250
479 268
479 314
479 329
479 356
479 359
479 378
479 418
479 424
479 458
479 464
479 471
479 498
479 500
480 105
480 113
480 122
480 182
480 189
480 194
480 234
480 282
480 356
480 359
480 367
480 374
480 387
480 403
480 427
480 430
480 441
480 442
480 451
480 453
480 455
480 456
480 461
480 464
480 472
480 474
480 477
480 487
480 488
480 489
481 14
481 37
481 65
481 131
481 139
481 161
481 167
481 263
481 275
481 277
481 334
481 345
481 399
481 415
481 422
481 423
481 425
481 433
481 443
481 452
481 462
481 465
481 469
481 471
481 475
481 476
481 483
481 485
481 492
481 497
482 92
482 150
482 161
482 171
482 223
482 253
482 302
482 313
482 327
482 330
482 359
482 397
482 414
482 461
483 14
483 131
483 133
483 139
483 179
483 220
483 264
483 355
483 366
483 385
483 402
483 415
483 416
483 422
483 423
483 425
483 431
483 433
483 437
483 443
483 449
483 465
483 469
483 471
483 475
483 476
483 481
483 485
483 487
483 492
483 497
484 6
484 45
484 58
484 190
484 247
484 250
484 303
484 348
484 351
484 354
484 356
484 361
484 376
484 379
484 386
484 392
484 403
484 459
484 485
484 489
484 490
484 493
484 496
484 497
485 11
485 37
485 131
485 134
485 210
485 277
485 289
485 366
485 376
485 385
485 399
485 407
485 409
485 410
485 424
485 426
485 428
485 430
485 432
485 437
485 448
485 449
485 452
485 466
485 470
485 481
485 483
485 484
485 492
485 493
485 499
486 47
486 154
486 180
486 183
486 194
486 234
486 282
486 309
486 328
486 412
486 419
486 420
486 421
486 427
486 430
486 441
486 442
486 445
486 446
486 453
486 462
486 464
486 473
486 477
486 489
486 490
486 493
486 496
486 497
487 1
487 17
487 81
487 180
487 183
487 215
487 234
487 305
487 319
487 330
487 340
487 357
487 402
487 411
487 417
487 436
487 451
487 458
487 460
487 461
487 464
487 472
487 473
487 474
487 477
487 480
487 483
487 488
487 496
487 498
487 500
488 25
488 81
488 83
488 102
488 113
488 122
488 135
488 180
488 183
488 194
488 234
488 393
488 400
488 409
488 420
488 442
488 445
488 446
488 453
488 455
488 462
488 480
488 487
488 489
488 496
489 81
489 102
489 187
489 194
489 234
489 327
489 370
489 417
489 439
489 441
489 442
489 445
489 446
489 451
489 453
489 455
489 460
489 461
489 462
489 472
489 473
489 474
489 477
489 480
489 484
489 486
489 488
489 490
489 493
489 497
489 499
490 28
490 50
490 58
490 90
490 151
490 198
490 208
490 227
490 288
490 303
490 308
490 353
490 396
490 401
490 403
490 408
490 414
490 416
490 446
490 447
490 450
490 467
490 476
490 478
490 484
490 486
490 489
490 493
490 494
490 496
490 497
491 47
491 65
491 131
491 188
491 246
491 267
491 275
491 281
491 285
491 289
491 302
491 316
491 335
491 346
491 366
491 372
491 432
491 439
491 440
491 442
491 454
491 458
491 478
492 14
492 73
492 77
492 131
492 134
492 139
492 164
492 166
492 203
492 206
492 254
492 278
492 345
492 354
492 362
492 371
492 382
492 389
492 398
492 413
492 436
492 437
492 452
492 456
492 466
492 469
492 470
492 481
492 483
492 485
492 497
493 65
493 85
493 127
493 129
493 131
493 139
493 157
493 188
493 281
493 285
493 322
493 323
493 335
493 372
493 407
493 432
493 433
493 452
493 457
493 484
493 485
493 486
493 489
493 490
493 496
493 497
493 499
494 17
494 57
494 95
494 125
494 130
494 159
494 279
494 301
494 303
494 332
494 342
494 361
494 369
494 440
494 458
494 464
494 490
494 498
494 500
495 1
495 11
495 70
495 102
495 138
495 148
495 193
495 220
495 225
495 228
495 308
495 329
495 336
495 357
495 427
495 438
495 455
496 10
496 81
496 101
496 122
496 175
496 197
496 234
496 244
496 288
496 321
496 413
496 429
496 434
496 438
496 439
496 451
496 455
496 460
496 461
496 464
496 472
496 473
496 477
496 484
496 486
496 487
496 488
496 490
496 493
496 497
496 499
497 14
497 131
497 139
497 155
497 172
497 174
497 203
497 345
497 366
497 389
497 422
497 424
497 428
497 436
497 437
497 446
497 448
497 452
497 458
497 466
497 469
497 481
497 483
497 484
497 486
497 489
497 490
497 492
497 493
497 496
497 499
498 97
498 100
498 167
498 196
498 203
498 204
498 206
498 264
498 372
498 428
498 440
498 464
498 479
498 487
498 494
499 29
499 68
499 69
499 70
499 82
499 143
499 158
499 196
499 199
499 213
499 376
499 485
499 489
499 493
499 496
499 497
500 11
500 85
500 89
500 126
500 137
500 142
500 233
500 246
500 293
500 341
500 346
500 464
500 465
500 479
500 487
500 494
