1 9
1 20
1 42
1 67
1 93
1 118
1 370
1 373
1 405
1 468
2 4
2 5
2 20
2 38
2 43
2 119
2 293
2 330
2 346
2 469
3 16
3 37
3 166
3 256
3 266
3 316
3 383
3 407
3 470
3 493
4 2
4 7
4 17
4 20
4 43
4 47
4 86
4 346
4 387
4 469
5 2
5 38
5 43
5 153
5 168
5 182
5 191
5 222
5 322
5 388
6 18
6 19
6 79
6 236
6 328
6 358
6 380
6 390
6 426
6 434
6 487
7 4
7 23
7 47
7 86
7 143
7 264
7 286
7 322
7 327
7 495
8 16
8 17
8 21
8 65
8 107
8 139
8 164
8 302
8 340
8 500
9 1
9 23
9 67
9 88
9 149
9 256
9 322
9 349
9 439
9 451
10 71
10 186
10 256
10 264
10 292
10 312
10 384
10 393
10 406
10 421
10 426
10 438
10 445
10 453
10 454
10 455
10 460
10 461
10 462
10 464
10 468
10 473
10 474
10 475
10 477
10 488
10 489
11 20
11 21
11 155
11 163
11 211
11 219
11 233
11 340
11 466
11 495
12 32
12 111
12 114
12 120
12 129
12 159
12 195
12 202
12 318
12 463
13 17
13 19
13 20
13 28
13 57
13 58
13 99
13 130
13 344
13 378
14 32
14 33
14 37
14 157
14 205
14 407
14 425
14 485
14 491
14 493
15 22
15 90
15 158
15 162
15 301
15 315
15 348
15 359
15 360
15 373
15 394
15 396
15 401
15 408
15 410
15 414
15 416
15 418
15 450
15 452
15 463
15 465
15 476
15 484
15 490
15 494
16 3
16 8
16 84
16 153
16 175
16 180
16 183
16 191
16 214
16 225
16 230
16 358
16 453
17 4
17 8
17 13
17 20
17 23
17 42
17 187
17 350
17 442
17 488
18 6
18 23
18 63
18 136
18 141
18 255
18 281
18 316
18 317
18 449
19 6
19 13
19 25
19 34
19 48
19 99
19 158
19 447
19 471
19 479
20 1
20 2
20 4
20 11
20 13
20 17
20 43
20 67
20 88
20 149
21 8
21 11
21 54
21 56
21 155
21 172
21 238
21 341
21 375
21 437
22 15
22 139
22 186
22 226
22 229
22 231
22 276
22 305
22 364
22 419
23 7
23 9
23 17
23 18
23 47
23 86
23 139
23 143
23 187
23 430
24 25
24 65
24 97
24 154
24 165
24 277
24 297
24 397
24 423
24 443
25 19
25 24
25 194
25 197
25 200
25 207
25 215
25 228
25 234
25 258
25 282
25 331
25 406
26 62
26 117
26 123
26 180
26 183
26 249
26 334
26 345
26 375
26 425
27 28
27 36
27 59
27 62
27 100
27 124
27 154
27 219
27 238
27 261
28 13
28 27
28 48
28 82
28 99
28 130
28 145
28 150
28 282
28 315
29 30
29 53
29 80
29 99
29 151
29 161
29 282
29 307
29 456
29 482
30 29
30 127
30 163
30 211
30 233
30 282
30 428
30 432
30 448
30 466
31 213
31 270
31 279
31 322
31 343
31 388
31 408
31 414
31 463
31 477
32 12
32 14
32 37
32 49
32 90
32 111
32 120
32 159
32 360
32 392
33 14
33 35
33 83
33 154
33 244
33 245
33 252
33 309
33 327
33 330
33 333
33 338
33 376
33 400
33 404
33 420
33 421
33 427
33 445
33 489
34 19
34 48
34 80
34 99
34 162
34 194
34 210
34 223
34 290
34 395
35 33
35 38
35 73
35 89
35 134
35 206
35 221
35 264
35 267
35 285
35 323
35 326
35 365
35 385
35 399
35 413
35 458
35 470
35 500
36 27
36 85
36 112
36 116
36 124
36 133
36 167
36 242
36 249
36 322
37 3
37 14
37 32
37 38
37 133
37 323
37 372
37 397
37 443
37 485
38 2
38 5
38 35
38 37
38 43
38 44
38 104
38 110
38 146
38 330
39 41
39 42
39 53
39 80
39 99
39 159
39 250
39 344
39 391
39 456
40 42
40 43
40 45
40 120
40 125
40 132
40 147
40 213
40 224
40 268
40 273
40 304
41 39
41 108
41 115
41 152
41 173
41 321
41 388
41 409
41 417
41 421
41 439
41 442
41 462
41 486
42 1
42 17
42 39
42 40
42 67
42 88
42 149
42 187
42 262
42 455
43 2
43 4
43 5
43 20
43 38
43 40
43 44
43 46
43 104
43 110
44 38
44 43
44 102
44 115
44 128
44 168
44 218
44 220
44 336
44 461
45 40
45 132
45 177
45 199
45 232
45 256
45 262
45 315
45 356
45 396
45 410
45 464
46 43
46 63
46 85
46 136
46 262
46 316
46 383
46 432
46 485
46 492
47 4
47 7
47 23
47 48
47 49
47 143
47 225
47 286
47 451
47 495
48 19
48 28
48 34
48 47
48 158
48 331
48 374
48 403
48 447
48 479
49 32
49 47
49 91
49 111
49 114
49 120
49 159
49 262
49 459
49 463
50 195
50 198
50 208
50 216
50 231
50 235
50 256
50 284
50 287
50 391
50 392
50 396
50 469
51 53
51 73
51 166
51 221
51 231
51 246
51 267
51 334
51 340
51 383
51 399
51 402
51 422
51 431
51 437
51 457
52 53
52 126
52 134
52 163
52 172
52 181
52 211
52 231
52 233
52 326
52 340
52 413
52 423
52 457
53 29
53 39
53 51
53 52
53 95
53 195
53 202
53 301
53 418
53 494
54 21
54 60
54 212
54 276
54 291
54 310
54 319
54 352
54 411
54 417
54 427
54 438
54 449
54 454
54 475
55 56
55 60
55 112
55 165
55 176
55 179
55 188
55 251
55 264
55 275
55 407
56 21
56 55
56 98
56 101
56 105
56 192
56 193
56 231
56 349
56 406
56 435
57 13
57 67
57 71
57 80
57 82
57 130
57 145
57 150
57 232
57 315
58 13
58 67
58 71
58 80
58 114
58 195
58 250
58 392
58 450
58 459
59 27
59 75
59 87
59 100
59 124
59 219
59 302
59 341
59 402
59 426
60 54
60 55
60 81
60 104
60 110
60 173
60 291
60 310
60 318
60 319
60 330
60 336
60 337
60 370
60 393
60 405
60 460
61 81
61 159
61 163
61 250
61 307
61 314
61 332
61 354
61 391
61 394
61 405
62 26
62 27
62 81
62 85
62 116
62 133
62 167
62 191
62 219
62 221
62 500
63 18
63 46
63 81
63 129
63 191
63 289
63 316
63 407
63 444
63 449
63 469
64 74
64 104
64 117
64 163
64 174
64 209
64 233
64 271
64 365
64 431
64 476
65 8
65 24
65 77
65 165
65 238
65 297
65 341
65 365
65 441
65 455
65 473
66 104
66 109
66 127
66 131
66 167
66 179
66 181
66 191
66 203
66 424
66 446
67 1
67 9
67 20
67 42
67 57
67 58
67 76
67 225
67 331
67 337
68 76
68 104
68 162
68 201
68 235
68 247
68 279
68 313
68 324
68 332
68 339
68 344
68 379
68 401
68 403
68 416
69 70
69 76
69 78
69 94
69 96
69 106
69 114
69 218
69 287
69 418
69 479
70 69
70 78
70 106
70 185
70 218
70 253
70 265
70 307
70 391
70 418
70 479
71 10
71 57
71 58
71 154
71 168
71 178
71 242
71 245
71 309
71 312
71 325
71 333
71 338
71 364
71 376
71 387
71 426
71 427
71 429
71 435
71 473
71 474
71 488
71 489
71 496
72 83
72 185
72 196
72 223
72 232
72 243
72 247
72 250
72 253
72 265
72 270
72 298
72 313
72 410
73 35
73 51
73 79
73 221
73 246
73 263
73 265
73 267
73 271
73 323
73 346
73 366
73 372
73 437
73 443
73 449
73 469
73 470
73 483
73 485
73 492
73 497
73 498
73 500
74 64
74 84
74 112
74 126
74 179
74 264
74 322
74 390
74 399
74 446
74 448
75 59
75 76
75 78
75 83
75 86
75 92
75 98
75 101
75 102
75 103
75 163
76 67
76 68
76 69
76 75
76 83
76 92
76 103
76 234
76 252
76 420
76 435
77 65
77 110
77 139
77 164
77 174
77 211
77 334
77 340
77 441
77 455
77 466
78 69
78 70
78 75
78 83
78 92
78 98
78 103
78 187
78 252
78 349
78 420
79 6
79 73
79 156
79 164
79 175
79 180
79 236
79 260
79 265
79 272
79 434
80 29
80 34
80 39
80 57
80 58
80 82
80 130
80 214
80 215
80 295
80 314
81 60
81 61
81 62
81 63
81 102
81 104
81 286
81 336
81 350
81 409
81 495
82 28
82 57
82 80
82 84
82 145
82 150
82 164
82 224
82 256
82 314
82 342
83 33
83 72
83 75
83 76
83 78
83 92
83 103
83 164
83 252
83 371
83 420
84 16
84 74
84 82
84 143
84 153
84 175
84 180
84 214
84 230
84 269
84 358
84 382
85 36
85 46
85 62
85 86
85 129
85 157
85 166
85 316
85 345
85 413
85 487
86 4
86 7
86 23
86 75
86 85
86 89
86 92
86 103
86 143
86 286
86 312
87 59
87 277
87 297
87 316
87 335
87 353
87 355
87 365
87 397
87 413
87 424
87 425
87 433
87 436
87 441
87 444
87 448
87 452
87 455
87 491
88 9
88 20
88 42
88 89
88 152
88 312
88 350
88 387
88 453
88 500
89 35
89 86
89 88
89 97
89 137
89 138
89 221
89 246
89 280
89 322
89 383
89 402
89 415
89 428
89 436
89 437
89 443
89 452
89 457
89 469
89 470
89 483
89 485
89 491
89 492
89 497
89 498
90 15
90 32
90 92
90 93
90 130
90 132
90 161
90 190
90 227
90 301
90 307
90 360
90 386
90 396
90 403
90 410
90 467
90 476
90 490
90 499
91 49
91 92
91 93
91 125
91 201
91 247
91 342
91 353
91 374
91 396
91 456
92 75
92 76
92 78
92 83
92 86
92 90
92 91
92 103
92 252
92 420
92 435
93 1
93 90
93 91
93 189
93 197
93 225
93 292
93 371
93 411
93 421
93 429
94 69
94 98
94 101
94 106
94 140
94 202
94 218
94 290
94 298
94 391
94 459
95 53
95 98
95 101
95 151
95 161
95 307
95 456
95 465
95 478
95 482
95 494
96 69
96 102
96 114
96 190
96 195
96 218
96 223
96 253
96 418
96 459
96 475
97 24
97 89
97 102
97 103
97 221
97 267
97 281
97 285
97 323
97 385
97 423
97 432
97 443
97 448
98 56
98 75
98 78
98 94
98 95
98 103
98 187
98 192
98 349
98 406
98 420
99 13
99 19
99 28
99 29
99 34
99 39
99 108
99 250
99 447
99 465
99 500
100 27
100 59
100 103
100 108
100 112
100 116
100 124
100 160
100 219
100 251
100 322
101 56
101 75
101 94
101 95
101 102
101 192
101 193
101 217
101 231
101 364
101 406
102 44
102 75
102 81
102 96
102 97
102 101
102 146
102 193
102 330
102 406
102 468
103 75
103 76
103 78
103 83
103 86
103 92
103 97
103 98
103 100
103 420
103 435
104 38
104 43
104 60
104 64
104 66
104 68
104 81
104 110
104 115
104 240
104 472
105 56
105 117
105 144
105 146
105 192
105 193
105 212
105 217
105 251
105 330
105 442
106 69
106 70
106 94
106 107
106 218
106 287
106 290
106 328
106 391
106 459
106 479
107 8
107 106
107 139
107 249
107 328
107 334
107 340
107 341
107 346
107 444
107 483
108 41
108 99
108 100
108 225
108 248
108 252
108 265
108 272
108 300
108 319
108 321
108 412
108 462
108 486
109 66
109 117
109 131
109 206
109 274
109 300
109 353
109 368
109 433
109 458
109 497
110 38
110 43
110 60
110 77
110 104
110 115
110 240
110 353
110 368
110 461
110 472
111 12
111 32
111 49
111 124
111 126
111 127
111 159
111 343
111 373
111 410
111 490
112 36
112 55
112 74
112 100
112 113
112 127
112 136
112 157
112 238
112 328
112 407
113 112
113 114
113 193
113 194
113 200
113 226
113 229
113 231
113 364
113 406
113 464
114 12
114 49
114 58
114 69
114 96
114 113
114 120
114 218
114 239
114 251
114 253
115 41
115 44
115 104
115 110
115 117
115 119
115 122
115 128
115 154
115 293
115 405
116 36
116 62
116 100
116 127
116 167
116 179
116 188
116 199
116 261
116 268
116 270
117 26
117 64
117 105
117 109
117 115
117 131
117 174
117 179
117 206
117 355
117 431
117 498
118 1
118 122
118 147
118 150
118 151
118 184
118 242
118 245
118 347
118 362
118 371
118 411
118 480
119 2
119 115
119 120
119 123
119 128
119 144
119 168
119 254
119 336
119 461
119 477
120 12
120 32
120 40
120 49
120 114
120 119
120 123
120 132
120 159
120 190
120 195
120 467
121 122
121 216
121 277
121 279
121 288
121 299
121 344
121 354
121 359
121 379
121 388
121 401
121 403
121 414
121 416
121 450
122 115
122 118
122 121
122 128
122 168
122 254
122 277
122 331
122 337
122 338
122 350
122 387
123 26
123 119
123 120
123 133
123 176
123 277
123 280
123 302
123 402
123 433
123 481
124 27
124 36
124 59
124 100
124 111
124 219
124 261
124 302
124 332
124 458
124 484
125 40
125 91
125 128
125 132
125 177
125 199
125 256
125 270
125 315
125 318
125 356
125 373
126 52
126 74
126 111
126 129
126 136
126 210
126 264
126 271
126 300
126 317
126 332
126 377
126 422
126 498
127 30
127 66
127 111
127 112
127 116
127 160
127 165
127 220
127 251
127 332
127 470
127 473
128 44
128 115
128 119
128 122
128 125
128 144
128 254
128 277
128 336
128 453
128 464
129 12
129 63
129 85
129 126
129 155
129 167
129 172
129 205
129 210
129 261
129 318
129 423
130 13
130 28
130 57
130 80
130 90
130 131
130 145
130 224
130 355
130 447
131 66
131 109
131 117
131 130
131 203
131 206
131 274
131 278
131 398
131 404
131 415
131 436
131 444
131 446
131 458
132 40
132 45
132 90
132 120
132 125
132 133
132 147
132 177
132 199
132 286
132 315
132 392
133 36
133 37
133 62
133 123
133 132
133 157
133 274
133 286
133 397
133 433
133 483
133 493
134 35
134 52
134 137
134 143
134 202
134 209
134 246
134 274
134 306
134 322
134 326
134 366
134 389
134 415
134 443
134 446
134 469
134 470
134 483
134 485
134 497
134 500
135 137
135 138
135 141
135 186
135 305
135 310
135 318
135 319
135 331
135 337
135 380
135 384
135 440
135 462
135 464
135 468
135 475
136 18
136 46
136 112
136 126
136 148
136 188
136 263
136 306
136 322
136 399
136 475
136 500
137 89
137 134
137 135
137 141
137 203
137 209
137 275
137 277
137 285
137 332
137 337
137 365
137 372
137 413
137 423
137 428
137 443
137 446
137 469
137 470
137 485
137 492
137 497
138 89
138 135
138 146
138 209
138 274
138 280
138 316
138 337
138 346
138 366
138 389
138 397
138 425
138 433
138 437
138 444
138 446
138 448
138 449
138 469
138 492
138 497
139 8
139 22
139 23
139 77
139 107
139 249
139 334
139 340
139 341
139 395
139 424
139 485
140 94
140 167
140 169
140 178
140 239
140 279
140 284
140 290
140 343
140 348
140 368
140 418
141 18
141 135
141 137
141 146
141 206
141 209
141 280
141 281
141 337
141 372
141 443
141 449
142 149
142 195
142 198
142 208
142 216
142 235
142 256
142 284
142 287
142 288
142 308
142 348
142 392
142 396
142 408
142 409
142 416
142 440
142 465
143 7
143 23
143 47
143 84
143 86
143 134
143 187
143 203
143 269
143 286
143 327
143 495
144 105
144 119
144 128
144 162
144 168
144 172
144 181
144 193
144 240
144 242
144 254
144 487
145 28
145 57
145 82
145 130
145 149
145 150
145 156
145 185
145 314
145 327
145 405
145 408
146 38
146 102
146 105
146 138
146 141
146 193
146 240
146 312
146 318
146 343
146 350
146 472
147 40
147 118
147 132
147 148
147 171
147 218
147 224
147 256
147 273
147 354
147 356
147 396
148 136
148 147
148 192
148 212
148 217
148 231
148 265
148 336
148 364
148 464
148 480
148 495
149 9
149 20
149 42
149 142
149 145
149 343
149 364
149 387
149 439
149 440
149 441
149 453
150 28
150 57
150 82
150 118
150 145
150 155
150 161
150 224
150 314
150 405
150 476
150 484
151 29
151 95
151 118
151 155
151 283
151 298
151 304
151 351
151 386
151 392
152 41
152 88
152 160
152 166
152 312
152 384
152 442
152 455
152 486
152 495
153 5
153 16
153 84
153 160
153 166
153 168
153 182
153 191
153 222
153 230
153 242
153 269
154 24
154 27
154 33
154 71
154 115
154 244
154 292
154 338
154 350
154 364
154 382
154 406
154 441
154 442
154 453
154 454
154 461
154 471
155 11
155 21
155 129
155 150
155 151
155 164
155 172
155 174
155 261
155 302
155 375
155 431
156 79
156 145
156 157
156 165
156 186
156 225
156 269
156 362
156 381
156 390
156 420
156 434
156 461
157 14
157 85
157 112
157 133
157 156
157 160
157 176
157 251
157 281
157 305
157 322
157 327
158 15
158 19
158 48
158 165
158 169
158 170
158 174
158 284
158 298
158 303
158 305
158 315
158 414
159 12
159 32
159 39
159 49
159 61
159 111
159 120
159 168
159 206
159 360
160 100
160 127
160 152
160 153
160 157
160 176
160 179
160 188
160 251
160 266
160 322
160 444
161 29
161 90
161 95
161 150
161 170
161 271
161 296
161 315
161 357
161 379
161 452
161 494
162 15
162 34
162 68
162 144
162 194
162 199
162 210
162 243
162 268
162 270
162 283
162 301
162 342
162 348
162 353
162 360
162 369
162 401
162 456
162 463
162 484
162 490
162 494
162 499
163 11
163 30
163 52
163 61
163 64
163 75
163 166
163 181
163 246
163 289
163 306
163 422
163 443
163 485
163 486
164 8
164 77
164 79
164 82
164 83
164 155
164 172
164 249
164 341
164 375
164 437
164 452
165 24
165 55
165 65
165 127
165 156
165 158
165 174
165 266
165 297
165 305
165 422
165 423
165 481
166 3
166 51
166 85
166 152
166 153
166 163
166 221
166 246
166 275
166 306
166 326
166 366
166 389
166 422
166 457
166 466
166 469
166 470
166 483
166 485
166 497
166 498
166 500
167 36
167 62
167 66
167 116
167 129
167 140
167 180
167 206
167 220
167 261
167 334
167 457
168 5
168 44
168 71
168 119
168 122
168 144
168 153
168 159
168 182
168 184
168 206
168 337
169 140
169 158
169 182
169 184
169 190
169 192
169 198
169 202
169 218
169 298
169 344
169 395
170 158
170 161
170 183
170 186
170 373
170 408
170 410
170 484
170 490
170 499
171 147
171 177
171 186
171 189
171 199
171 213
171 224
171 256
171 273
171 295
171 356
171 396
171 405
172 21
172 52
172 129
172 144
172 155
172 164
172 210
172 317
172 340
172 358
172 377
172 422
172 497
173 41
173 60
173 174
173 176
173 212
173 244
173 300
173 325
173 327
173 371
173 421
173 427
173 493
174 64
174 77
174 117
174 155
174 158
174 165
174 173
174 233
174 305
174 317
174 431
174 497
175 16
175 79
175 84
175 176
175 179
175 185
175 214
175 230
175 242
175 269
175 382
175 434
175 461
176 55
176 123
176 157
176 160
176 173
176 175
176 185
176 251
176 266
176 372
176 377
176 437
176 493
177 45
177 125
177 132
177 171
177 199
177 213
177 224
177 252
177 263
177 273
177 304
177 402
177 410
178 71
178 140
178 206
178 292
178 312
178 358
178 370
178 376
178 380
178 409
178 430
178 438
178 442
178 445
178 451
178 453
178 460
178 462
179 55
179 66
179 74
179 116
179 117
179 160
179 175
179 185
179 190
179 220
179 251
179 266
179 285
180 16
180 26
180 79
180 84
180 167
180 183
180 214
180 230
180 382
180 390
180 434
180 461
180 489
181 52
181 66
181 144
181 163
181 193
181 219
181 233
181 249
181 326
181 346
181 383
181 431
181 498
182 5
182 153
182 168
182 169
182 183
182 184
182 190
182 196
182 222
182 230
182 242
182 254
182 269
183 16
183 26
183 170
183 180
183 182
183 184
183 191
183 214
183 222
183 230
183 265
183 358
183 430
184 118
184 168
184 169
184 182
184 183
184 190
184 196
184 222
184 242
184 269
184 331
184 350
184 387
185 70
185 72
185 145
185 175
185 176
185 179
185 314
185 315
185 396
185 405
185 410
185 416
185 471
186 10
186 22
186 135
186 156
186 170
186 171
186 194
186 226
186 259
186 305
186 311
186 364
186 370
186 393
186 419
186 438
186 451
186 454
186 455
186 475
186 477
186 489
187 17
187 23
187 42
187 78
187 98
187 143
187 253
187 261
187 263
187 435
187 477
187 489
188 55
188 116
188 136
188 160
188 192
188 196
188 201
188 220
188 246
188 251
188 263
188 266
188 372
189 93
189 171
189 207
189 234
189 241
189 282
189 292
189 311
189 312
189 381
189 429
189 469
189 480
190 90
190 96
190 120
190 169
190 179
190 182
190 184
190 195
190 253
190 284
190 392
190 418
190 494
191 5
191 16
191 62
191 63
191 66
191 153
191 183
191 222
191 230
191 242
191 254
191 269
191 293
192 56
192 98
192 101
192 105
192 148
192 169
192 188
192 201
192 217
192 349
192 406
192 435
192 438
193 56
193 101
193 102
193 105
193 113
193 144
193 146
193 181
193 252
193 330
193 408
193 489
194 25
194 34
194 113
194 162
194 186
194 200
194 215
194 228
194 258
194 352
194 358
194 411
194 454
195 12
195 50
195 53
195 58
195 96
195 120
195 142
195 190
195 197
195 200
195 218
195 253
195 284
196 72
196 182
196 184
196 188
196 223
196 232
196 247
196 250
196 253
196 270
196 279
196 290
196 296
196 313
196 361
196 494
197 25
197 93
197 195
197 210
197 292
197 312
197 328
197 333
197 338
197 349
197 381
197 429
197 464
197 480
198 50
198 142
198 169
198 200
198 207
198 284
198 304
198 324
198 332
198 343
198 368
198 391
198 395
199 45
199 116
199 125
199 132
199 162
199 171
199 177
199 208
199 223
199 267
199 351
199 363
199 375
200 25
200 113
200 194
200 195
200 198
200 226
200 228
200 234
200 258
200 282
200 311
200 381
200 429
201 68
201 91
201 188
201 192
201 226
201 235
201 247
201 313
201 339
201 351
201 353
201 363
201 482
202 12
202 53
202 94
202 134
202 169
202 203
202 239
202 284
202 286
202 343
202 368
202 418
202 484
203 66
203 131
203 137
203 143
203 202
203 206
203 220
203 279
203 415
203 437
203 446
203 449
203 458
204 206
204 208
204 278
204 280
204 281
204 306
204 316
204 345
204 377
204 398
204 448
204 449
204 464
205 14
205 129
205 212
205 226
205 255
205 261
205 289
205 306
205 345
205 402
205 407
205 457
205 489
206 35
206 109
206 117
206 131
206 141
206 159
206 167
206 168
206 178
206 203
206 204
206 274
206 278
206 415
206 436
206 444
207 25
207 189
207 198
207 208
207 215
207 228
207 234
207 258
207 282
207 311
207 347
207 419
207 472
208 50
208 142
208 199
208 204
208 207
208 268
208 296
208 303
208 344
208 351
208 363
208 369
208 388
209 64
209 134
209 137
209 138
209 141
209 247
209 255
209 263
209 277
209 280
209 281
209 289
209 335
209 385
209 413
209 478
209 481
209 491
209 500
210 34
210 126
210 129
210 162
210 172
210 197
210 219
210 261
210 264
210 326
210 346
210 422
210 448
211 11
211 30
211 52
211 77
211 238
211 261
211 289
211 313
211 334
211 340
211 342
211 404
211 428
212 54
212 105
212 148
212 173
212 205
212 213
212 248
212 265
212 272
212 300
212 427
212 447
212 486
213 31
213 40
213 171
213 177
213 212
213 226
213 270
213 353
213 359
213 369
213 388
213 414
213 477
214 16
214 80
214 84
214 175
214 180
214 183
214 222
214 230
214 247
214 293
214 382
214 434
214 474
215 25
215 80
215 194
215 207
215 216
215 228
215 258
215 328
215 333
215 381
215 411
215 440
215 454
216 50
216 121
216 142
216 215
216 217
216 239
216 299
216 324
216 332
216 354
216 373
216 391
216 414
217 101
217 105
217 148
217 192
217 216
217 229
217 247
217 252
217 276
217 406
217 435
217 474
217 477
218 44
218 69
218 70
218 94
218 96
218 106
218 114
218 147
218 169
218 195
218 220
218 308
218 394
219 11
219 27
219 59
219 62
219 100
219 124
219 181
219 210
219 228
219 229
219 399
219 425
219 477
219 498
220 44
220 127
220 167
220 179
220 188
220 203
220 218
220 278
220 355
220 365
220 398
220 415
220 423
220 446
221 35
221 51
221 62
221 73
221 89
221 97
221 166
221 227
221 246
221 249
221 263
221 275
221 285
221 323
221 348
221 366
221 422
221 470
222 5
222 153
222 182
222 183
222 184
222 191
222 214
222 230
222 242
222 269
222 284
222 288
222 290
222 400
223 34
223 72
223 96
223 196
223 199
223 230
223 234
223 243
223 268
223 296
223 303
223 359
223 363
223 369
223 473
224 40
224 82
224 130
224 147
224 150
224 171
224 177
224 230
224 234
224 236
224 270
224 369
224 386
224 471
225 16
225 47
225 67
225 93
225 108
225 156
225 232
225 236
225 262
225 321
225 331
225 348
225 381
225 486
226 22
226 113
226 186
226 200
226 201
226 205
226 213
226 228
226 229
226 258
226 276
226 419
226 462
226 480
227 90
227 221
227 295
227 299
227 303
227 308
227 315
227 324
227 345
227 356
227 391
227 392
227 394
227 395
227 414
227 476
227 479
228 25
228 194
228 200
228 207
228 215
228 219
228 226
228 229
228 234
228 282
228 334
228 397
228 406
228 480
229 22
229 113
229 217
229 219
229 226
229 228
229 258
229 276
229 311
229 334
229 364
229 419
229 443
229 480
230 16
230 84
230 153
230 175
230 180
230 182
230 183
230 191
230 214
230 222
230 223
230 224
230 334
230 441
231 22
231 50
231 51
231 52
231 56
231 101
231 113
231 148
231 347
231 382
231 384
231 419
231 442
231 451
232 45
232 57
232 72
232 196
232 225
232 233
232 237
232 243
232 256
232 273
232 301
232 354
232 356
232 396
233 11
233 30
233 52
233 64
233 174
233 181
233 232
233 289
233 317
233 345
233 348
233 431
233 444
233 470
234 25
234 76
234 189
234 200
234 207
234 223
234 224
234 228
234 235
234 258
234 352
234 371
234 412
234 429
235 50
235 68
235 142
235 201
235 234
235 236
235 299
235 340
235 343
235 359
235 378
235 388
235 447
235 450
236 6
236 79
236 224
236 225
236 235
236 258
236 340
236 362
236 382
236 390
236 409
236 434
236 461
236 480
237 232
237 240
237 241
237 256
237 257
237 315
237 340
237 356
237 394
237 396
237 405
237 410
237 416
237 471
238 21
238 27
238 65
238 112
238 211
238 242
238 297
238 322
238 326
238 431
238 435
239 114
239 140
239 202
239 216
239 240
239 241
239 288
239 298
239 299
239 324
239 329
239 332
239 395
239 460
240 104
240 110
240 144
240 146
240 237
240 239
240 305
240 309
240 318
240 340
240 350
240 358
240 380
240 488
241 189
241 237
241 239
241 243
241 312
241 331
241 333
241 370
241 387
241 417
241 420
241 427
241 429
241 435
241 480
242 36
242 71
242 118
242 144
242 153
242 175
242 182
242 184
242 191
242 222
242 238
242 269
242 430
243 72
243 162
243 223
243 232
243 241
243 244
243 247
243 250
243 253
243 290
243 296
243 301
243 313
243 348
243 351
243 408
243 416
243 465
243 470
244 33
244 154
244 173
244 243
244 246
244 254
244 309
244 327
244 338
244 412
244 421
244 440
244 441
244 442
244 445
244 446
244 453
244 468
245 33
245 71
245 118
245 246
245 255
245 292
245 321
245 390
245 400
245 402
245 406
245 409
245 419
245 420
245 427
245 430
245 441
245 461
245 462
245 475
246 51
246 73
246 89
246 134
246 163
246 166
246 188
246 221
246 244
246 245
246 267
246 334
246 340
246 383
246 384
246 399
246 402
246 431
246 469
246 470
246 485
247 68
247 72
247 91
247 196
247 201
247 209
247 214
247 217
247 243
247 283
247 303
247 353
247 359
247 369
247 482
248 108
248 212
248 255
248 321
248 358
248 371
248 380
248 402
248 409
248 417
248 427
248 454
248 483
248 486
248 487
249 26
249 36
249 107
249 139
249 164
249 181
249 221
249 266
249 297
249 334
249 351
249 352
249 360
249 389
249 437
250 39
250 58
250 61
250 72
250 99
250 196
250 243
250 252
250 261
250 283
250 303
250 314
250 359
250 392
250 500
251 55
251 100
251 105
251 114
251 127
251 157
251 160
251 176
251 179
251 188
251 278
251 355
251 387
251 398
251 491
252 33
252 76
252 78
252 83
252 92
252 108
252 177
252 193
252 217
252 250
252 261
252 286
252 321
252 409
252 486
253 70
253 72
253 96
253 114
253 187
253 190
253 195
253 196
253 243
253 266
253 283
253 287
253 299
253 418
253 438
254 119
254 122
254 128
254 144
254 182
254 191
254 244
254 296
254 309
254 327
254 336
254 359
254 378
254 445
254 473
255 18
255 205
255 209
255 245
255 248
255 278
255 280
255 316
255 321
255 335
255 355
255 372
255 398
255 433
255 446
256 3
256 9
256 10
256 45
256 50
256 82
256 125
256 142
256 147
256 171
256 232
256 237
256 273
256 342
256 356
257 237
257 258
257 266
257 332
257 339
257 359
257 374
257 378
257 388
257 401
257 403
257 405
257 416
257 418
257 425
257 447
257 450
258 25
258 194
258 200
258 207
258 215
258 226
258 229
258 234
258 236
258 257
258 262
258 266
258 282
258 425
258 477
259 186
259 347
259 362
259 375
259 381
259 382
259 387
259 390
259 392
259 409
259 434
259 461
259 466
259 475
259 486
260 79
260 267
260 312
260 321
260 358
260 382
260 390
260 392
260 409
260 417
260 425
260 434
260 461
260 475
260 486
261 27
261 116
261 124
261 129
261 155
261 167
261 187
261 205
261 210
261 211
261 250
261 252
261 423
261 470
261 498
262 42
262 45
262 46
262 49
262 225
262 258
262 293
262 362
262 439
262 440
262 464
263 73
263 136
263 177
263 187
263 188
263 209
263 221
263 267
263 317
263 321
263 389
263 399
263 437
263 449
263 457
264 7
264 10
264 35
264 55
264 74
264 126
264 210
264 271
264 278
264 355
264 398
264 433
264 448
264 483
264 496
265 70
265 72
265 73
265 79
265 108
265 148
265 183
265 212
265 282
265 362
265 380
265 384
265 390
265 464
265 475
266 3
266 160
266 165
266 176
266 179
266 188
266 249
266 253
266 257
266 258
266 355
266 383
266 398
266 415
266 470
266 500
267 35
267 51
267 73
267 97
267 199
267 246
267 260
267 263
267 271
267 366
267 377
267 389
267 399
267 423
267 425
267 439
267 457
268 40
268 116
268 162
268 208
268 223
268 269
268 270
268 279
268 290
268 301
268 351
268 360
268 361
268 363
268 375
269 84
269 143
269 153
269 156
269 175
269 182
269 184
269 191
269 222
269 242
269 268
269 270
269 379
269 426
270 31
270 72
270 116
270 125
270 162
270 196
270 213
270 224
270 268
270 269
270 272
270 273
270 283
270 304
270 476
271 64
271 73
271 126
271 161
271 264
271 267
271 314
271 323
271 335
271 355
271 356
271 372
271 385
271 398
271 399
272 79
272 108
272 212
272 270
272 273
272 321
272 352
272 358
272 379
272 380
272 390
272 409
272 417
272 430
272 487
273 40
273 147
273 171
273 177
273 232
273 256
273 270
273 272
273 276
273 354
273 356
273 369
273 465
273 476
273 491
274 109
274 131
274 133
274 134
274 138
274 206
274 277
274 278
274 283
274 293
274 297
274 335
274 377
274 395
274 413
274 433
274 448
274 449
274 452
274 469
274 483
274 485
274 491
274 492
274 497
274 498
274 500
275 55
275 137
275 166
275 221
275 309
275 319
275 320
275 345
275 383
275 389
275 407
275 428
275 437
275 449
275 457
276 22
276 54
276 217
276 226
276 229
276 273
276 291
276 310
276 311
276 318
276 319
276 337
276 364
276 370
276 379
276 393
276 395
276 438
276 455
276 460
276 477
277 24
277 87
277 121
277 122
277 123
277 128
277 137
277 209
277 274
277 335
277 372
277 397
277 399
277 402
277 424
277 436
277 443
277 446
277 483
277 491
278 131
278 204
278 206
278 220
278 251
278 255
278 264
278 274
278 292
278 359
278 376
278 383
278 433
278 444
278 449
279 31
279 68
279 121
279 140
279 196
279 203
279 268
279 296
279 303
279 306
279 323
279 324
279 349
279 408
279 479
280 89
280 123
280 138
280 141
280 204
280 209
280 255
280 281
280 295
280 296
280 335
280 346
280 375
280 378
280 385
280 397
280 424
280 436
280 469
280 481
280 485
280 492
280 497
281 18
281 97
281 141
281 157
281 204
281 209
281 280
281 295
281 296
281 330
281 397
281 415
281 436
281 444
281 481
281 493
282 25
282 28
282 29
282 30
282 189
282 200
282 207
282 228
282 258
282 265
282 300
282 412
282 429
282 434
283 151
283 162
283 247
283 250
283 253
283 270
283 274
283 290
283 293
283 301
283 329
283 342
283 361
283 381
283 392
283 456
284 50
284 140
284 142
284 158
284 190
284 195
284 198
284 202
284 222
284 293
284 298
284 344
284 348
284 395
284 465
284 486
285 35
285 97
285 137
285 179
285 221
285 298
285 322
285 335
285 359
285 399
285 402
285 415
285 443
285 446
285 461
285 481
286 7
286 47
286 81
286 86
286 132
286 133
286 143
286 202
286 252
286 451
286 495
287 50
287 69
287 106
287 142
287 253
287 289
287 290
287 298
287 299
287 304
287 333
287 371
287 378
287 391
287 497
287 499
288 121
288 142
288 222
288 239
288 295
288 299
288 307
288 324
288 330
288 343
288 354
288 356
288 373
288 479
288 494
288 496
289 63
289 163
289 205
289 209
289 211
289 233
289 287
289 333
289 362
289 371
289 458
289 466
290 34
290 94
290 106
290 140
290 196
290 222
290 243
290 268
290 283
290 287
290 303
290 330
290 361
290 378
290 381
290 465
291 54
291 60
291 276
291 306
291 311
291 345
291 352
291 355
291 371
291 405
291 411
291 412
291 419
291 440
291 454
291 486
292 10
292 93
292 154
292 178
292 189
292 197
292 245
292 278
292 298
292 309
292 312
292 333
292 336
292 349
292 357
292 359
292 376
292 429
292 445
292 462
292 473
292 477
292 489
293 2
293 115
293 191
293 214
293 262
293 274
293 283
293 284
293 300
293 331
293 381
293 395
294 298
294 299
294 309
294 320
294 325
294 327
294 328
294 349
294 371
294 378
294 390
294 409
294 421
294 439
294 472
294 480
295 80
295 171
295 227
295 280
295 281
295 288
295 299
295 303
295 304
295 315
295 324
295 330
295 354
295 356
295 367
295 479
296 161
296 196
296 208
296 223
296 243
296 254
296 279
296 280
296 281
296 303
296 351
296 353
296 361
296 363
296 369
296 463
297 24
297 65
297 87
297 165
297 238
297 249
297 274
297 299
297 301
297 325
297 452
297 491
298 72
298 94
298 151
298 158
298 169
298 239
298 284
298 285
298 287
298 292
298 294
298 304
298 368
299 121
299 216
299 227
299 235
299 239
299 253
299 287
299 288
299 294
299 295
299 297
299 325
299 354
299 391
299 459
299 478
300 108
300 109
300 126
300 173
300 212
300 282
300 293
300 321
300 328
300 353
300 362
300 368
300 390
300 409
300 417
300 475
301 15
301 53
301 90
301 162
301 232
301 243
301 268
301 283
301 297
301 304
301 325
301 361
301 366
301 410
301 456
301 471
302 8
302 59
302 123
302 124
302 155
302 308
302 362
302 371
302 375
302 380
302 469
302 485
302 492
302 493
303 158
303 208
303 223
303 227
303 247
303 250
303 279
303 290
303 295
303 296
303 339
303 351
303 362
303 371
303 379
303 380
303 406
304 40
304 151
304 177
304 198
304 270
304 287
304 295
304 298
304 301
304 360
304 361
304 366
304 378
304 389
304 394
304 395
304 437
305 22
305 135
305 157
305 158
305 165
305 174
305 186
305 240
305 310
305 318
305 384
305 411
305 417
305 421
305 442
305 460
305 468
305 477
306 134
306 136
306 163
306 166
306 204
306 205
306 279
306 291
306 316
306 331
306 365
306 397
306 402
306 413
306 415
306 466
306 481
307 29
307 61
307 70
307 90
307 95
307 288
307 311
307 357
307 373
307 389
307 478
307 499
308 142
308 218
308 227
308 302
308 343
308 359
308 362
308 368
308 373
308 374
308 380
308 388
308 405
308 406
308 447
308 450
308 478
309 33
309 71
309 240
309 244
309 254
309 275
309 292
309 294
309 317
309 320
309 328
309 335
309 349
309 350
309 427
309 435
309 449
310 54
310 60
310 135
310 276
310 305
310 311
310 352
310 371
310 384
310 419
310 427
310 454
310 458
310 460
310 481
310 482
310 497
311 186
311 189
311 200
311 207
311 229
311 276
311 291
311 307
311 310
311 319
311 366
311 381
311 389
311 404
311 429
311 438
311 475
312 10
312 71
312 86
312 88
312 146
312 152
312 178
312 189
312 197
312 241
312 260
312 292
312 320
312 365
312 367
312 374
312 383
312 393
312 404
312 412
312 426
312 430
312 455
312 473
312 474
312 477
312 488
312 489
313 68
313 72
313 196
313 201
313 211
313 243
313 332
313 358
313 359
313 374
313 378
313 404
313 418
313 447
313 482
314 61
314 80
314 82
314 145
314 150
314 185
314 250
314 271
314 357
314 368
314 452
314 499
315 15
315 28
315 45
315 57
315 125
315 132
315 158
315 161
315 185
315 227
315 237
315 295
315 316
315 339
315 379
315 448
315 452
316 3
316 18
316 46
316 63
316 85
316 87
316 138
316 204
316 255
316 306
316 315
316 319
316 356
316 397
316 424
316 436
316 443
316 452
316 481
316 483
316 492
316 497
317 18
317 126
317 172
317 174
317 233
317 263
317 309
317 320
317 338
317 346
317 355
317 398
317 425
317 431
317 500
318 12
318 60
318 125
318 129
318 135
318 146
318 240
318 276
318 305
318 325
318 337
318 352
318 384
318 411
318 451
318 454
318 468
319 54
319 60
319 108
319 135
319 275
319 276
319 311
319 316
319 321
319 337
319 352
319 356
319 371
319 376
319 380
319 419
319 454
320 275
320 294
320 309
320 312
320 317
320 325
320 327
320 333
320 335
320 349
320 417
320 427
320 429
320 434
320 435
320 474
320 480
321 41
321 108
321 225
321 245
321 248
321 252
321 255
321 260
321 263
321 272
321 300
321 319
321 350
321 402
321 413
321 462
321 475
322 5
322 7
322 9
322 31
322 36
322 74
322 89
322 100
322 134
322 136
322 157
322 160
322 238
322 285
322 355
322 365
322 366
322 377
322 407
322 483
322 485
322 491
322 492
322 497
322 498
322 500
323 35
323 37
323 73
323 97
323 221
323 271
323 279
323 349
323 365
323 377
323 389
323 399
323 402
323 412
323 422
323 437
323 485
324 68
324 198
324 216
324 227
324 239
324 279
324 288
324 295
324 326
324 343
324 344
324 380
324 382
324 406
324 414
324 467
324 478
325 71
325 173
325 294
325 297
325 299
325 301
325 318
325 320
325 327
325 366
325 380
325 411
325 412
325 421
325 440
325 442
325 468
326 35
326 52
326 134
326 166
326 181
326 210
326 238
326 324
326 335
326 345
326 377
326 382
326 383
326 400
326 422
326 471
326 491
327 7
327 33
327 143
327 145
327 157
327 173
327 244
327 254
327 294
327 320
327 325
327 328
327 343
327 440
327 442
327 445
327 497
328 6
328 106
328 107
328 112
328 197
328 215
328 294
328 300
328 309
328 327
328 333
328 411
328 421
328 430
328 439
328 445
328 474
328 477
329 239
329 283
329 354
329 359
329 373
329 374
329 378
329 382
329 388
329 396
329 400
329 401
329 406
329 411
329 414
329 447
329 450
329 478
330 2
330 33
330 38
330 60
330 102
330 105
330 193
330 281
330 288
330 290
330 295
330 427
330 472
331 25
331 48
331 67
331 122
331 135
331 184
331 225
331 241
331 293
331 306
331 337
331 351
331 360
331 384
331 387
331 412
331 439
331 451
332 61
332 68
332 124
332 126
332 127
332 137
332 198
332 216
332 239
332 257
332 313
332 344
332 363
332 367
332 368
332 401
332 403
332 416
333 33
333 71
333 197
333 215
333 241
333 287
333 289
333 292
333 320
333 328
333 352
333 404
333 411
333 412
333 430
333 454
333 458
333 497
334 26
334 51
334 77
334 107
334 139
334 167
334 211
334 228
334 229
334 230
334 246
334 249
334 366
334 389
334 397
334 425
334 457
334 477
335 87
335 209
335 255
335 271
335 274
335 277
335 280
335 285
335 309
335 320
335 326
335 338
335 355
335 366
335 413
335 425
335 449
335 466
336 44
336 60
336 81
336 119
336 128
336 148
336 254
336 292
336 355
336 373
336 405
336 453
337 60
337 67
337 122
337 135
337 137
337 138
337 141
337 168
337 276
337 318
337 319
337 331
337 343
337 352
337 381
337 387
337 411
337 461
338 33
338 71
338 122
338 154
338 197
338 244
338 317
338 335
338 341
338 350
338 364
338 371
338 384
338 406
338 409
338 419
338 421
338 454
339 68
339 201
339 257
339 303
339 315
339 353
339 363
339 369
339 398
339 401
339 403
339 410
339 411
339 416
339 417
339 419
339 467
339 482
340 8
340 11
340 51
340 52
340 77
340 107
340 139
340 172
340 211
340 235
340 236
340 237
340 240
340 246
340 366
340 389
340 425
340 466
341 21
341 59
341 65
341 107
341 139
341 164
341 338
341 345
341 350
341 355
341 414
341 469
342 82
342 91
342 162
342 211
342 256
342 283
342 351
342 354
342 359
342 360
342 367
342 369
342 374
342 390
342 394
342 404
342 447
342 467
343 31
343 111
343 140
343 146
343 149
343 198
343 202
343 235
343 288
343 308
343 324
343 327
343 337
343 401
343 416
343 450
343 467
343 478
344 13
344 39
344 68
344 121
344 169
344 208
344 284
344 324
344 332
344 417
344 420
344 429
344 487
345 26
345 85
345 204
345 205
345 227
345 233
345 275
345 291
345 326
345 341
345 360
345 427
346 2
346 4
346 73
346 107
346 138
346 181
346 210
346 280
346 317
346 347
346 388
346 402
346 413
346 422
346 425
346 436
346 444
346 448
347 118
347 207
347 231
347 259
347 346
347 373
347 390
347 442
347 468
347 469
347 472
347 496
348 15
348 140
348 142
348 162
348 221
348 225
348 233
348 243
348 284
348 356
348 359
348 360
348 363
348 367
348 369
348 386
348 394
348 396
348 401
348 450
348 467
348 476
348 479
348 484
348 494
349 9
349 56
349 78
349 98
349 192
349 197
349 279
349 292
349 294
349 309
349 320
349 323
349 355
349 388
349 421
349 445
349 487
350 17
350 81
350 88
350 122
350 146
350 154
350 184
350 240
350 309
350 321
350 338
350 341
350 414
350 441
350 445
350 453
350 468
350 498
351 151
351 199
351 201
351 208
351 243
351 249
351 268
351 296
351 303
351 331
351 342
351 352
351 361
351 379
351 388
351 394
351 414
351 476
352 54
352 194
352 234
352 249
352 272
352 291
352 310
352 318
352 319
352 333
352 337
352 351
352 370
352 381
352 414
352 460
352 474
352 495
353 87
353 91
353 109
353 110
353 162
353 201
353 213
353 247
353 296
353 300
353 339
353 374
353 379
353 395
353 403
353 408
353 416
353 463
353 482
354 61
354 121
354 147
354 216
354 232
354 273
354 288
354 295
354 299
354 329
354 342
354 359
354 417
354 419
354 420
354 429
354 450
354 476
354 478
355 87
355 117
355 130
355 220
355 251
355 255
355 264
355 266
355 271
355 291
355 317
355 322
355 335
355 336
355 341
355 349
355 415
355 424
355 444
356 45
356 125
356 147
356 171
356 227
356 232
356 237
356 256
356 271
356 273
356 288
356 295
356 316
356 319
356 348
356 373
356 452
356 465
356 478
357 161
357 292
357 307
357 314
357 376
357 380
357 389
357 420
357 429
357 430
357 440
357 441
357 442
357 445
357 451
357 453
357 460
357 462
357 475
358 6
358 16
358 84
358 172
358 178
358 183
358 194
358 240
358 248
358 260
358 272
358 313
358 424
358 462
358 492
359 15
359 121
359 213
359 223
359 235
359 247
359 250
359 254
359 257
359 278
359 285
359 292
359 308
359 313
359 329
359 342
359 348
359 354
359 367
359 386
359 394
359 459
359 463
359 465
359 484
359 490
359 494
359 499
360 15
360 32
360 90
360 159
360 162
360 249
360 268
360 304
360 331
360 342
360 345
360 348
360 386
360 390
360 391
360 392
360 395
360 396
360 403
360 405
360 414
360 463
360 465
360 484
360 490
360 494
360 499
361 196
361 268
361 283
361 290
361 296
361 301
361 304
361 351
361 363
361 364
361 379
361 395
361 401
361 408
361 410
361 420
361 429
361 435
361 463
361 465
362 118
362 156
362 236
362 259
362 262
362 265
362 289
362 300
362 302
362 303
362 308
362 371
362 380
362 426
362 475
362 486
362 487
363 199
363 201
363 208
363 223
363 268
363 296
363 332
363 339
363 348
363 361
363 364
363 374
363 379
363 388
363 408
363 416
363 420
363 429
363 435
363 465
364 22
364 71
364 101
364 113
364 148
364 149
364 154
364 186
364 229
364 276
364 338
364 361
364 363
364 365
364 367
364 376
364 400
364 404
364 419
364 426
364 445
364 473
364 496
365 35
365 64
365 65
365 87
365 137
365 220
365 306
365 312
365 322
365 323
365 364
365 367
365 389
365 415
365 424
365 435
365 437
365 443
365 446
365 469
366 73
366 134
366 138
366 166
366 221
366 267
366 301
366 304
366 311
366 322
366 325
366 334
366 335
366 340
366 383
366 399
366 402
366 431
366 432
366 452
366 500
367 295
367 312
367 332
367 342
367 348
367 359
367 364
367 365
367 374
367 378
367 388
367 401
367 405
367 414
367 418
367 435
367 447
367 450
367 463
367 478
368 109
368 110
368 140
368 198
368 202
368 298
368 300
368 308
368 314
368 332
368 372
368 378
368 405
369 162
369 208
369 213
369 223
369 224
369 247
369 273
369 296
369 339
369 342
369 348
369 374
369 377
369 379
369 383
369 387
369 401
369 403
369 463
369 475
370 1
370 60
370 178
370 186
370 241
370 276
370 352
370 381
370 387
370 397
370 411
370 419
370 422
370 423
370 424
370 438
370 461
370 464
370 468
370 472
371 83
371 93
371 118
371 173
371 234
371 248
371 287
371 289
371 291
371 294
371 302
371 303
371 310
371 319
371 338
371 362
371 417
371 441
371 453
371 477
372 37
372 73
372 137
372 141
372 176
372 188
372 255
372 271
372 277
372 368
372 413
372 424
372 433
372 441
372 455
372 473
372 481
373 1
373 15
373 111
373 125
373 170
373 216
373 288
373 307
373 308
373 329
373 336
373 347
373 356
373 386
373 394
373 450
373 457
373 467
373 478
373 482
373 484
373 490
373 494
373 499
374 48
374 91
374 257
374 308
374 312
374 313
374 329
374 342
374 353
374 363
374 367
374 369
374 377
374 386
374 387
374 459
374 465
374 475
374 479
374 482
375 21
375 26
375 155
375 164
375 199
375 259
375 268
375 280
375 302
375 392
375 398
375 432
376 33
376 71
376 178
376 278
376 292
376 319
376 357
376 364
376 406
376 408
376 409
376 420
376 431
376 438
376 442
376 445
376 449
376 451
376 454
376 457
376 460
377 126
377 172
377 176
377 204
377 267
377 274
377 322
377 323
377 326
377 369
377 374
377 385
377 387
377 436
377 444
377 448
377 475
378 13
378 235
378 254
378 257
378 280
378 287
378 290
378 294
378 304
378 313
378 329
378 367
378 368
378 386
378 394
378 403
378 405
378 482
378 484
378 490
378 493
379 68
379 121
379 161
379 269
379 272
379 276
379 303
379 315
379 351
379 353
379 361
379 363
379 369
379 381
379 395
379 401
379 408
379 463
379 467
379 484
379 490
380 6
380 135
380 178
380 240
380 248
380 265
380 272
380 302
380 303
380 308
380 319
380 324
380 325
380 357
380 362
380 384
380 417
380 438
380 460
380 477
380 487
381 156
381 189
381 197
381 200
381 215
381 225
381 259
381 283
381 290
381 293
381 311
381 337
381 352
381 370
381 379
381 393
381 395
381 426
381 438
381 460
381 486
382 84
382 154
382 175
382 180
382 214
382 231
382 236
382 259
382 260
382 324
382 326
382 329
382 440
382 461
382 471
383 3
383 46
383 51
383 89
383 181
383 246
383 266
383 275
383 278
383 312
383 326
383 366
383 369
383 387
383 389
383 402
383 425
383 432
383 470
383 475
384 10
384 135
384 152
384 231
384 246
384 265
384 305
384 310
384 318
384 331
384 338
384 380
384 397
384 422
384 423
384 424
384 441
384 442
384 460
384 464
384 468
385 35
385 97
385 209
385 271
385 280
385 377
385 386
385 391
385 393
385 426
385 431
385 466
386 90
386 151
386 224
386 348
386 359
386 360
386 373
386 374
386 378
386 385
386 388
386 391
386 393
386 394
386 395
386 408
386 418
386 426
386 464
386 467
386 471
386 476
386 484
386 490
386 494
386 499
387 4
387 71
387 88
387 122
387 149
387 184
387 241
387 251
387 259
387 331
387 337
387 369
387 370
387 374
387 377
387 383
387 393
387 412
387 430
387 438
387 462
388 5
388 31
388 41
388 121
388 208
388 213
388 235
388 257
388 308
388 329
388 346
388 349
388 351
388 363
388 367
388 386
388 394
388 450
388 467
388 484
388 490
389 134
389 138
389 166
389 249
389 263
389 267
389 275
389 304
389 307
389 311
389 323
389 334
389 340
389 357
389 365
389 383
389 422
389 425
389 431
389 491
389 500
390 6
390 74
390 156
390 180
390 236
390 245
390 259
390 260
390 265
390 272
390 294
390 300
390 342
390 347
390 360
390 400
390 404
390 414
390 441
390 453
390 460
391 39
391 50
391 61
391 70
391 94
391 106
391 198
391 216
391 227
391 287
391 299
391 360
391 385
391 386
391 393
391 426
391 464
391 476
391 478
391 490
391 499
392 32
392 50
392 58
392 132
392 142
392 151
392 190
392 227
392 250
392 259
392 260
392 283
392 360
392 375
392 425
392 465
392 471
392 476
392 479
392 490
392 499
393 10
393 60
393 186
393 276
393 312
393 381
393 385
393 386
393 387
393 391
393 396
393 404
393 411
393 426
393 440
393 442
393 445
393 451
393 455
393 460
393 461
393 464
393 468
393 473
393 474
393 477
393 489
393 496
394 15
394 61
394 218
394 227
394 237
394 304
394 342
394 348
394 351
394 359
394 373
394 378
394 386
394 388
394 403
394 405
394 410
394 430
394 438
394 446
394 448
394 456
394 463
394 465
394 484
394 490
394 494
394 499
395 34
395 139
395 169
395 198
395 227
395 239
395 274
395 276
395 284
395 293
395 304
395 353
395 360
395 361
395 379
395 381
395 386
395 447
395 456
395 476
395 490
395 499
396 15
396 45
396 50
396 90
396 91
396 142
396 147
396 171
396 185
396 232
396 237
396 329
396 348
396 360
396 393
396 412
396 416
396 426
396 464
396 471
396 484
396 499
397 24
397 37
397 87
397 133
397 138
397 228
397 277
397 280
397 281
397 306
397 316
397 334
397 370
397 384
397 402
397 424
397 427
397 436
397 452
397 468
397 481
397 491
398 131
398 204
398 220
398 251
398 255
398 264
398 266
398 271
398 317
398 339
398 375
398 411
398 417
398 419
398 433
398 482
399 35
399 51
399 74
399 136
399 219
399 246
399 263
399 267
399 271
399 277
399 285
399 323
399 366
399 401
399 412
399 416
399 448
399 452
399 454
399 469
399 483
399 500
400 33
400 222
400 245
400 326
400 329
400 364
400 390
400 406
400 409
400 417
400 419
400 420
400 429
400 434
400 435
400 441
400 454
400 455
400 458
400 462
400 471
400 475
401 15
401 68
401 121
401 162
401 257
401 329
401 332
401 339
401 343
401 348
401 361
401 367
401 369
401 379
401 399
401 412
401 454
401 464
401 467
401 471
401 484
401 499
402 51
402 59
402 89
402 123
402 177
402 205
402 245
402 246
402 248
402 277
402 285
402 306
402 321
402 323
402 346
402 366
402 383
402 397
402 443
402 469
402 470
402 497
403 48
403 68
403 90
403 121
403 257
403 332
403 339
403 353
403 360
403 369
403 378
403 394
403 407
403 418
403 428
403 436
403 462
403 467
403 476
403 488
403 494
403 499
404 33
404 131
404 211
404 311
404 312
404 313
404 333
404 342
404 364
404 390
404 393
404 406
404 417
404 419
404 420
404 427
404 429
404 434
404 435
404 455
404 473
404 475
405 1
405 60
405 61
405 115
405 145
405 150
405 171
405 185
405 237
405 257
405 291
405 308
405 336
405 360
405 367
405 368
405 378
405 394
405 471
405 476
405 490
405 499
406 10
406 25
406 56
406 98
406 101
406 102
406 113
406 154
406 192
406 217
406 228
406 245
406 303
406 308
406 324
406 329
406 338
406 376
406 400
406 404
406 439
406 445
406 455
406 489
406 496
407 3
407 14
407 55
407 63
407 112
407 205
407 275
407 322
407 403
407 423
407 484
407 488
407 490
407 494
408 15
408 31
408 142
408 145
408 170
408 193
408 243
408 279
408 353
408 361
408 363
408 376
408 379
408 386
408 414
408 418
408 431
408 449
408 450
408 478
408 484
408 486
408 490
409 41
409 81
409 142
409 178
409 236
409 245
409 248
409 252
409 259
409 260
409 272
409 294
409 300
409 338
409 376
409 400
409 424
409 443
409 451
409 455
409 462
409 470
409 476
410 15
410 45
410 72
410 90
410 111
410 170
410 177
410 185
410 237
410 301
410 339
410 361
410 394
410 416
410 432
410 433
410 434
410 436
410 447
410 462
410 476
410 490
410 494
411 54
411 93
411 118
411 194
411 215
411 291
411 305
411 318
411 325
411 328
411 329
411 333
411 337
411 339
411 370
411 393
411 398
411 426
411 438
411 455
411 460
411 471
411 496
412 108
412 234
412 244
412 282
412 291
412 312
412 323
412 325
412 331
412 333
412 387
412 396
412 399
412 401
412 416
412 429
412 475
413 35
413 52
413 85
413 87
413 137
413 209
413 274
413 306
413 321
413 335
413 346
413 372
413 415
413 421
413 424
413 427
413 430
413 443
413 446
413 452
413 468
413 491
413 492
414 15
414 31
414 121
414 158
414 213
414 216
414 227
414 324
414 329
414 341
414 350
414 351
414 352
414 360
414 367
414 390
414 408
414 450
414 463
414 465
414 467
414 484
414 494
415 89
415 131
415 134
415 203
415 206
415 220
415 266
415 281
415 285
415 306
415 355
415 365
415 413
415 442
415 445
415 449
415 459
415 469
415 470
415 474
415 492
415 493
415 495
416 15
416 68
416 121
416 142
416 185
416 237
416 243
416 257
416 332
416 339
416 343
416 353
416 363
416 396
416 399
416 410
416 412
416 454
416 465
416 488
416 490
416 494
416 499
417 41
417 54
417 241
417 248
417 260
417 272
417 300
417 305
417 320
417 339
417 344
417 354
417 371
417 380
417 398
417 400
417 404
417 426
417 430
417 441
417 473
417 480
417 496
418 15
418 53
418 69
418 70
418 96
418 140
418 190
418 202
418 253
418 257
418 313
418 367
418 386
418 403
418 408
418 433
418 434
418 444
418 445
418 462
418 476
418 490
418 499
419 22
419 186
419 207
419 226
419 229
419 231
419 245
419 291
419 310
419 319
419 338
419 339
419 354
419 364
419 370
419 398
419 400
419 404
419 462
419 471
419 475
419 488
419 496
420 33
420 76
420 78
420 83
420 92
420 98
420 103
420 156
420 241
420 245
420 344
420 354
420 357
420 361
420 363
420 376
420 400
420 404
420 426
420 435
420 453
420 480
420 488
421 10
421 33
421 41
421 93
421 173
421 244
421 294
421 305
421 325
421 328
421 338
421 349
421 413
421 423
421 426
421 437
421 440
421 445
421 448
421 453
421 500
422 51
422 126
422 163
422 165
422 166
422 172
422 210
422 221
422 323
422 326
422 346
422 370
422 384
422 389
422 437
422 460
422 468
422 476
422 498
423 24
423 52
423 97
423 129
423 137
423 165
423 220
423 261
423 267
423 370
423 384
423 407
423 421
423 460
424 66
424 87
424 139
424 277
424 280
424 316
424 355
424 358
424 365
424 370
424 372
424 384
424 397
424 409
424 413
424 432
424 433
424 448
424 449
424 460
424 469
424 483
424 492
424 497
425 14
425 26
425 87
425 138
425 219
425 257
425 258
425 260
425 267
425 317
425 334
425 335
425 340
425 346
425 383
425 389
425 392
425 431
425 437
425 452
425 491
425 492
425 497
425 498
426 6
426 10
426 59
426 71
426 269
426 312
426 362
426 364
426 381
426 385
426 386
426 391
426 393
426 396
426 411
426 417
426 420
426 421
426 429
426 434
426 455
426 460
426 461
426 464
426 468
426 474
426 475
426 477
426 488
426 489
427 33
427 54
427 71
427 173
427 212
427 241
427 245
427 248
427 309
427 310
427 320
427 330
427 345
427 397
427 404
427 413
427 437
427 441
427 453
427 454
427 473
427 488
427 496
427 500
428 30
428 89
428 137
428 211
428 275
428 403
428 432
428 433
428 452
428 462
428 484
428 488
428 494
428 497
429 71
429 93
429 189
429 197
429 200
429 234
429 241
429 282
429 292
429 311
429 320
429 344
429 354
429 357
429 361
429 363
429 400
429 404
429 412
429 426
429 441
429 473
429 488
429 489
430 23
430 178
430 183
430 242
430 245
430 272
430 312
430 328
430 333
430 357
430 387
430 394
430 413
430 417
430 434
430 435
430 437
430 464
430 473
430 488
430 495
430 496
430 499
430 500
431 51
431 64
431 117
431 155
431 174
431 181
431 233
431 238
431 246
431 317
431 366
431 376
431 385
431 389
431 408
431 425
431 438
431 453
431 486
431 492
432 30
432 46
432 97
432 366
432 375
432 383
432 410
432 424
432 428
432 434
432 437
432 442
432 445
432 462
432 483
433 87
433 109
433 123
433 133
433 138
433 255
433 264
433 274
433 278
433 372
433 398
433 410
433 418
433 424
433 428
433 434
433 442
433 444
433 445
433 446
433 452
433 485
433 491
433 492
433 498
434 6
434 79
434 156
434 175
434 180
434 214
434 236
434 259
434 260
434 282
434 320
434 400
434 404
434 410
434 418
434 426
434 430
434 432
434 433
434 441
434 444
434 451
434 473
434 488
434 489
435 56
435 71
435 76
435 92
435 103
435 187
435 192
435 217
435 238
435 241
435 309
435 320
435 361
435 363
435 365
435 367
435 400
435 404
435 420
435 430
435 441
435 473
435 488
435 489
435 496
436 87
436 89
436 131
436 206
436 277
436 280
436 281
436 316
436 346
436 377
436 397
436 403
436 410
436 442
436 448
436 449
436 458
436 462
436 466
436 483
436 485
436 488
436 492
436 498
436 500
437 21
437 51
437 73
437 89
437 138
437 164
437 176
437 203
437 249
437 263
437 275
437 304
437 323
437 365
437 421
437 422
437 425
437 427
437 430
437 432
437 468
437 491
437 492
437 498
437 500
438 10
438 54
438 178
438 186
438 192
438 253
438 276
438 311
438 370
438 376
438 380
438 381
438 387
438 394
438 411
438 431
438 440
438 446
438 448
438 453
438 464
438 468
438 473
438 474
438 488
439 9
439 41
439 149
439 262
439 267
439 294
439 328
439 331
439 406
439 446
439 450
439 478
439 491
440 135
440 142
440 149
440 215
440 244
440 262
440 291
440 325
440 327
440 357
440 382
440 393
440 421
440 438
440 443
440 451
440 455
440 462
440 468
440 470
440 476
440 488
440 489
440 493
440 496
441 65
441 77
441 87
441 149
441 154
441 230
441 244
441 245
441 350
441 357
441 371
441 372
441 384
441 390
441 400
441 417
441 427
441 429
441 434
441 435
441 454
441 488
441 489
441 493
441 496
442 17
442 41
442 105
442 152
442 154
442 178
442 231
442 244
442 305
442 325
442 327
442 347
442 357
442 376
442 384
442 393
442 415
442 432
442 433
442 436
442 444
442 455
442 477
442 489
442 496
443 24
443 37
443 73
443 89
443 97
443 134
443 137
443 141
443 163
443 229
443 277
443 285
443 316
443 365
443 402
443 409
443 413
443 440
443 460
443 470
443 485
443 492
443 497
443 498
443 499
444 63
444 87
444 107
444 131
444 138
444 160
444 206
444 233
444 278
444 281
444 346
444 355
444 377
444 418
444 433
444 434
444 442
444 445
444 452
444 474
444 483
444 492
444 493
444 497
444 498
445 10
445 33
445 178
445 244
445 254
445 292
445 327
445 328
445 349
445 350
445 357
445 364
445 376
445 393
445 406
445 415
445 418
445 421
445 432
445 433
445 444
445 455
445 460
445 474
445 477
445 496
446 66
446 74
446 131
446 134
446 137
446 138
446 203
446 220
446 244
446 255
446 277
446 285
446 365
446 394
446 413
446 433
446 438
446 439
446 450
446 451
446 452
446 458
446 469
446 483
446 485
446 492
446 497
447 19
447 48
447 99
447 130
447 212
447 235
447 257
447 308
447 313
447 329
447 342
447 367
447 395
447 410
447 461
447 466
447 471
447 476
447 483
447 489
447 494
447 496
448 30
448 74
448 87
448 97
448 138
448 204
448 210
448 264
448 274
448 315
448 346
448 377
448 394
448 399
448 421
448 424
448 436
448 438
448 451
448 452
448 457
448 483
448 491
448 492
448 498
449 18
449 54
449 63
449 73
449 138
449 141
449 203
449 204
449 263
449 274
449 275
449 278
449 309
449 335
449 376
449 408
449 415
449 424
449 436
449 452
449 453
449 469
449 483
449 486
449 492
449 498
450 15
450 58
450 121
450 235
450 257
450 308
450 329
450 343
450 348
450 354
450 367
450 373
450 388
450 408
450 414
450 439
450 446
450 451
450 453
450 463
450 465
450 467
450 484
450 491
450 494
450 499
451 9
451 47
451 178
451 186
451 231
451 286
451 318
451 331
451 357
451 376
451 393
451 409
451 434
451 440
451 446
451 448
451 450
451 455
451 462
451 468
451 473
451 478
451 491
452 15
452 87
452 89
452 161
452 164
452 274
452 297
452 314
452 315
452 316
452 356
452 366
452 397
452 399
452 413
452 425
452 428
452 433
452 444
452 446
452 448
452 449
452 457
452 491
452 498
452 500
453 10
453 16
453 88
453 128
453 149
453 154
453 178
453 244
453 336
453 350
453 357
453 371
453 390
453 420
453 421
453 427
453 431
453 438
453 449
453 450
453 455
453 457
453 474
453 477
453 491
453 496
454 10
454 54
454 154
454 186
454 194
454 215
454 248
454 291
454 310
454 318
454 319
454 333
454 338
454 376
454 399
454 400
454 401
454 416
454 427
454 441
454 455
454 457
454 478
454 488
454 489
454 496
455 10
455 42
455 65
455 77
455 87
455 152
455 186
455 276
455 312
455 372
455 393
455 400
455 404
455 406
455 409
455 411
455 426
455 440
455 442
455 445
455 451
455 453
455 454
455 464
455 468
455 474
455 493
456 29
456 39
456 91
456 95
456 162
456 283
456 301
456 394
456 395
457 51
457 52
457 89
457 166
457 167
457 205
457 263
457 267
457 275
457 334
457 373
457 376
457 448
457 452
457 453
457 454
457 458
457 486
458 35
458 109
458 124
458 131
458 203
458 289
458 310
458 333
458 400
458 436
458 446
458 457
458 481
458 482
458 487
458 499
459 49
459 58
459 94
459 96
459 106
459 299
459 359
459 374
459 415
459 463
459 474
459 492
459 495
459 498
460 10
460 60
460 178
460 239
460 276
460 305
460 310
460 352
460 357
460 376
460 380
460 381
460 384
460 390
460 393
460 411
460 422
460 423
460 424
460 426
460 443
460 445
460 464
460 473
460 474
460 488
460 489
461 10
461 44
461 110
461 119
461 154
461 156
461 175
461 180
461 236
461 245
461 259
461 260
461 285
461 337
461 370
461 382
461 393
461 426
461 447
461 466
461 473
461 474
461 475
461 483
461 488
461 492
461 498
462 10
462 41
462 108
462 135
462 178
462 226
462 245
462 292
462 321
462 357
462 358
462 387
462 400
462 403
462 409
462 410
462 418
462 419
462 428
462 432
462 436
462 440
462 451
462 464
462 474
462 489
462 496
463 12
463 15
463 31
463 49
463 162
463 296
463 353
463 359
463 360
463 361
463 367
463 369
463 379
463 394
463 414
463 450
463 459
463 476
463 478
463 484
463 490
463 494
464 10
464 45
464 113
464 128
464 135
464 148
464 197
464 204
464 262
464 265
464 370
464 384
464 386
464 391
464 393
464 396
464 401
464 426
464 430
464 438
464 455
464 460
464 462
464 468
464 472
464 474
464 477
464 488
465 15
465 95
465 99
465 142
465 243
465 273
465 284
465 290
465 356
465 359
465 360
465 361
465 363
465 374
465 392
465 394
465 414
465 416
465 450
465 476
465 484
465 494
466 11
466 30
466 77
466 166
466 259
466 289
466 306
466 335
466 340
466 385
466 436
466 447
466 461
466 489
466 495
466 496
467 90
467 120
467 324
467 339
467 342
467 343
467 348
467 373
467 379
467 386
467 388
467 401
467 403
467 414
467 450
467 472
467 479
467 480
467 485
467 499
468 1
468 10
468 102
468 135
468 244
468 305
468 318
468 325
468 347
468 350
468 370
468 384
468 393
468 397
468 413
468 422
468 426
468 437
468 438
468 440
468 451
468 455
468 464
468 474
468 477
468 488
468 496
468 500
469 2
469 4
469 50
469 63
469 73
469 89
469 134
469 137
469 138
469 166
469 189
469 246
469 274
469 280
469 302
469 341
469 347
469 365
469 399
469 402
469 415
469 424
469 446
469 449
469 483
469 485
469 491
469 497
469 500
470 3
470 35
470 73
470 89
470 127
470 134
470 137
470 166
470 221
470 233
470 243
470 246
470 261
470 266
470 383
470 402
470 409
470 415
470 440
470 443
470 473
470 476
470 477
470 483
470 485
470 491
470 497
470 498
470 500
471 19
471 154
471 185
471 224
471 237
471 301
471 326
471 382
471 386
471 392
471 396
471 400
471 401
471 405
471 411
471 419
471 447
472 104
472 110
472 146
472 207
472 294
472 330
472 347
472 370
472 464
472 467
472 479
472 484
472 485
472 490
472 494
473 10
473 65
473 71
473 127
473 223
473 254
473 292
473 312
473 364
473 372
473 393
473 404
473 417
473 427
473 429
473 430
473 434
473 435
473 438
473 451
473 460
473 461
473 470
473 474
473 477
473 486
473 489
473 493
473 496
474 10
474 71
474 214
474 217
474 312
474 320
474 328
474 352
474 393
474 415
474 426
474 438
474 444
474 445
474 453
474 455
474 459
474 460
474 461
474 462
474 464
474 468
474 473
474 475
474 477
474 488
474 492
474 496
474 498
475 10
475 54
475 96
475 135
475 136
475 186
475 245
475 259
475 260
475 265
475 300
475 311
475 321
475 357
475 362
475 369
475 374
475 377
475 383
475 400
475 404
475 412
475 419
475 426
475 461
475 474
475 488
475 489
475 496
476 15
476 64
476 90
476 150
476 227
476 270
476 273
476 348
476 351
476 354
476 386
476 391
476 392
476 395
476 403
476 405
476 409
476 410
476 418
476 422
476 440
476 447
476 463
476 465
476 470
476 477
476 484
476 490
476 494
476 499
477 10
477 31
477 119
477 186
477 187
477 213
477 217
477 219
477 258
477 276
477 292
477 305
477 312
477 328
477 334
477 371
477 380
477 393
477 426
477 442
477 445
477 453
477 464
477 468
477 470
477 473
477 474
477 476
477 488
477 496
478 95
478 209
478 299
478 307
478 308
478 324
478 329
478 343
478 354
478 356
478 367
478 373
478 391
478 408
478 439
478 451
478 454
478 463
478 479
478 481
478 491
479 19
479 48
479 69
479 70
479 106
479 227
479 279
479 288
479 295
479 348
479 374
479 392
479 467
479 472
479 478
479 480
479 485
480 118
480 148
480 189
480 197
480 226
480 228
480 229
480 236
480 241
480 294
480 320
480 417
480 420
480 467
480 479
480 484
480 485
480 490
480 494
481 123
481 165
481 209
481 280
481 281
481 285
481 306
481 310
481 316
481 372
481 397
481 458
481 478
481 482
481 487
481 489
481 493
481 499
482 29
482 95
482 201
482 247
482 310
482 313
482 339
482 353
482 373
482 374
482 378
482 398
482 458
482 481
482 487
482 497
483 73
483 89
483 107
483 133
483 134
483 166
483 248
483 264
483 274
483 277
483 316
483 322
483 399
483 424
483 432
483 436
483 444
483 446
483 447
483 448
483 449
483 461
483 469
483 470
483 489
483 491
483 492
483 496
483 498
483 499
483 500
484 15
484 124
484 150
484 162
484 170
484 202
484 348
484 359
484 360
484 373
484 378
484 379
484 386
484 388
484 394
484 396
484 401
484 407
484 408
484 414
484 428
484 450
484 463
484 465
484 472
484 476
484 480
484 485
484 488
484 494
484 499
485 14
485 37
485 46
485 73
485 89
485 134
485 137
485 139
485 163
485 166
485 246
485 274
485 280
485 302
485 322
485 323
485 433
485 436
485 443
485 446
485 467
485 469
485 470
485 472
485 479
485 480
485 484
485 490
485 494
485 498
485 500
486 41
486 108
486 152
486 163
486 212
486 225
486 248
486 252
486 259
486 260
486 284
486 291
486 362
486 381
486 408
486 431
486 449
486 457
486 473
487 6
487 85
487 144
487 248
487 272
487 344
487 349
487 362
487 380
487 458
487 481
487 482
487 489
487 497
487 499
488 10
488 17
488 71
488 240
488 312
488 403
488 407
488 416
488 419
488 420
488 426
488 427
488 428
488 429
488 430
488 434
488 435
488 436
488 438
488 440
488 441
488 454
488 460
488 461
488 464
488 468
488 474
488 475
488 477
488 484
488 494
489 10
489 33
489 71
489 180
489 186
489 187
489 193
489 205
489 292
489 312
489 393
489 406
489 426
489 429
489 434
489 435
489 440
489 441
489 442
489 447
489 454
489 460
489 462
489 466
489 473
489 475
489 481
489 483
489 487
489 496
489 499
490 15
490 90
490 111
490 162
490 170
490 359
490 360
490 373
490 378
490 379
490 386
490 388
490 391
490 392
490 394
490 395
490 405
490 407
490 408
490 410
490 416
490 418
490 463
490 472
490 476
490 480
490 485
490 494
490 499
491 14
491 87
491 89
491 209
491 251
491 273
491 274
491 277
491 297
491 322
491 326
491 389
491 397
491 413
491 425
491 433
491 437
491 439
491 448
491 450
491 451
491 452
491 453
491 469
491 470
491 478
491 483
491 492
491 497
491 498
491 500
492 46
492 73
492 89
492 137
492 138
492 274
492 280
492 302
492 316
492 322
492 358
492 413
492 415
492 424
492 425
492 431
492 433
492 436
492 437
492 443
492 444
492 446
492 448
492 449
492 459
492 461
492 474
492 483
492 491
492 495
492 496
493 3
493 14
493 133
493 173
493 176
493 281
493 302
493 378
493 415
493 440
493 441
493 444
493 455
493 473
493 481
494 15
494 53
494 95
494 161
494 162
494 190
494 196
494 288
494 348
494 359
494 360
494 373
494 386
494 394
494 403
494 407
494 410
494 414
494 416
494 428
494 447
494 450
494 463
494 465
494 472
494 476
494 480
494 484
494 485
494 488
494 490
495 7
495 11
495 47
495 81
495 143
495 148
495 152
495 286
495 352
495 415
495 430
495 459
495 466
495 492
495 498
496 71
496 264
496 288
496 347
496 364
496 393
496 406
496 411
496 417
496 419
496 427
496 430
496 435
496 440
496 441
496 442
496 445
496 447
496 453
496 454
496 462
496 466
496 468
496 473
496 474
496 475
496 477
496 483
496 489
496 492
496 498
497 73
497 89
497 109
497 134
497 137
497 138
497 166
497 172
497 174
497 274
497 280
497 287
497 310
497 316
497 322
497 327
497 333
497 402
497 424
497 425
497 428
497 443
497 444
497 446
497 469
497 470
497 482
497 487
497 491
497 498
497 500
498 73
498 89
498 117
498 126
498 166
498 181
498 219
498 261
498 274
498 322
498 350
498 422
498 425
498 433
498 436
498 437
498 443
498 444
498 448
498 449
498 452
498 459
498 461
498 470
498 474
498 483
498 485
498 491
498 495
498 496
498 497
498 500
499 90
499 162
499 170
499 287
499 307
499 314
499 359
499 360
499 373
499 386
499 391
499 392
499 394
499 395
499 396
499 401
499 403
499 405
499 416
499 418
499 430
499 443
499 450
499 458
499 467
499 476
499 481
499 483
499 484
499 487
499 489
499 490
500 8
500 35
500 62
500 73
500 88
500 99
500 134
500 136
500 166
500 209
500 250
500 266
500 274
500 317
500 322
500 366
500 389
500 399
500 421
500 427
500 430
500 436
500 437
500 452
500 468
500 469
500 470
500 483
500 485
500 491
500 497
500 498
