1 20
1 217
1 283
1 349
1 370
1 421
1 456
1 468
1 475
1 487
2 38
2 88
2 178
2 258
2 259
2 286
2 308
2 330
2 394
2 461
3 30
3 256
3 266
3 397
3 425
3 436
3 449
3 470
3 487
3 493
4 5
4 17
4 60
4 77
4 146
4 283
4 337
4 417
4 474
4 496
5 4
5 180
5 183
5 236
5 336
5 355
5 387
5 404
5 431
5 451
6 19
6 135
6 236
6 328
6 419
6 426
6 438
6 484
6 487
6 496
7 120
7 149
7 241
7 261
7 327
7 427
7 434
7 441
7 462
7 464
8 25
8 64
8 136
8 152
8 233
8 340
8 432
8 449
8 466
8 500
9 76
9 200
9 280
9 286
9 349
9 354
9 426
9 439
9 451
9 473
10 153
10 218
10 264
10 282
10 349
10 358
10 384
10 411
10 421
10 496
11 21
11 43
11 366
11 407
11 437
11 446
11 457
11 485
11 495
11 500
12 19
12 32
12 129
12 140
12 324
12 353
12 365
12 463
12 484
12 494
13 19
13 39
13 115
13 344
13 356
13 367
13 378
13 396
13 478
13 481
14 16
14 33
14 160
14 340
14 407
14 425
14 432
14 485
14 491
14 500
15 106
15 114
15 158
15 301
15 315
15 339
15 369
15 386
15 452
15 462
16 14
16 63
16 78
16 225
16 260
16 293
16 370
16 420
16 453
16 496
17 4
17 20
17 159
17 222
17 350
17 442
17 473
17 487
17 488
17 494
18 221
18 255
18 274
18 317
18 355
18 369
18 449
18 466
18 494
18 498
19 6
19 12
19 13
19 218
19 269
19 284
19 290
19 351
19 467
19 471
20 1
20 17
20 230
20 328
20 334
20 336
20 436
20 451
20 474
20 488
21 11
21 56
21 133
21 172
21 238
21 340
21 384
21 415
21 437
21 497
22 109
22 122
22 125
22 153
22 175
22 282
22 305
22 419
22 462
22 480
23 139
23 180
23 248
23 289
23 319
23 364
23 371
23 430
23 445
23 453
24 251
24 277
24 345
24 372
24 397
24 434
24 436
24 443
24 453
24 457
25 8
25 194
25 291
25 310
25 319
25 331
25 338
25 350
25 406
25 456
26 117
26 183
26 249
26 334
26 372
26 397
26 425
26 446
26 463
26 498
27 37
27 154
27 204
27 238
27 261
27 278
27 344
27 424
27 437
27 452
28 77
28 91
28 95
28 121
28 170
28 343
28 396
28 429
28 478
28 490
29 196
29 226
29 291
29 339
29 368
29 379
29 392
29 478
29 482
29 499
30 3
30 172
30 282
30 329
30 397
30 431
30 437
30 448
30 458
30 485
31 213
31 270
31 322
31 373
31 408
31 463
31 465
31 471
31 477
31 478
32 12
32 43
32 84
32 151
32 287
32 348
32 360
32 388
32 401
32 456
33 14
33 38
33 78
33 110
33 333
33 385
33 420
33 427
33 435
33 489
34 49
34 169
34 210
34 223
34 288
34 290
34 395
34 450
34 466
34 479
35 192
35 249
35 285
35 326
35 341
35 427
35 432
35 443
35 452
35 470
36 126
36 136
36 246
36 251
36 267
36 272
36 280
36 423
36 458
36 481
37 27
37 207
37 262
37 323
37 383
37 397
37 433
37 443
37 481
37 485
38 2
38 33
38 175
38 282
38 325
38 352
38 392
38 440
38 479
38 488
39 13
39 50
39 53
39 185
39 349
39 388
39 391
39 434
39 456
39 484
40 68
40 99
40 146
40 147
40 159
40 196
40 198
40 394
40 416
40 461
41 115
41 163
41 173
41 200
41 380
41 388
41 421
41 439
41 462
41 486
42 79
42 97
42 186
42 262
42 309
42 381
42 445
42 447
42 455
42 495
43 11
43 32
43 194
43 260
43 331
43 382
43 412
43 429
43 435
43 473
44 84
44 110
44 220
44 224
44 226
44 276
44 282
44 312
44 350
44 472
45 69
45 93
45 99
45 303
45 353
45 405
45 456
45 464
45 478
45 484
46 77
46 85
46 129
46 139
46 154
46 332
46 398
46 407
46 485
46 492
47 214
47 282
47 321
47 331
47 421
47 427
47 451
47 470
47 486
47 491
48 82
48 295
48 299
48 331
48 353
48 359
48 374
48 388
48 403
48 430
49 34
49 262
49 313
49 391
49 392
49 401
49 405
49 425
49 459
49 463
50 39
50 121
50 130
50 150
50 175
50 177
50 253
50 273
50 354
50 469
51 165
51 231
51 268
51 422
51 436
51 437
51 449
51 452
51 457
51 492
52 134
52 150
52 261
52 266
52 281
52 340
52 413
52 425
52 469
52 480
53 39
53 80
53 96
53 225
53 301
53 315
53 399
53 414
53 418
53 494
54 212
54 318
54 352
54 427
54 438
54 441
54 449
54 453
54 472
54 482
55 74
55 103
55 234
55 275
55 316
55 399
55 407
55 415
55 433
55 469
56 21
56 153
56 193
56 242
56 243
56 252
56 286
56 310
56 376
56 434
57 141
57 198
57 202
57 270
57 310
57 315
57 388
57 395
57 396
57 418
58 142
58 199
58 202
58 257
58 273
58 296
58 311
58 365
58 416
58 450
59 87
59 124
59 274
59 371
59 385
59 402
59 426
59 433
59 483
59 492
60 4
60 258
60 321
60 328
60 336
60 383
60 393
60 405
60 451
60 488
60 496
61 132
61 163
61 199
61 213
61 253
61 307
61 313
61 332
61 391
61 394
61 495
62 81
62 124
62 125
62 137
62 219
62 221
62 297
62 444
62 458
62 493
62 500
63 16
63 129
63 221
63 285
63 289
63 323
63 333
63 383
63 444
63 469
63 493
64 8
64 137
64 155
64 167
64 340
64 365
64 372
64 390
64 476
64 493
64 498
65 76
65 174
65 191
65 365
65 399
65 407
65 409
65 431
65 452
65 457
65 466
66 181
66 191
66 206
66 271
66 334
66 397
66 398
66 415
66 424
66 446
66 463
67 76
67 78
67 178
67 222
67 337
67 379
67 412
67 429
67 468
67 477
67 485
68 40
68 82
68 104
68 162
68 332
68 343
68 374
68 391
68 414
68 465
68 473
69 45
69 89
69 279
69 287
69 305
69 342
69 388
69 418
69 478
69 479
69 499
70 94
70 142
70 216
70 232
70 239
70 247
70 307
70 386
70 392
70 415
70 495
71 168
71 189
71 242
71 357
71 364
71 375
71 450
71 454
71 455
71 480
71 489
72 162
72 169
72 185
72 270
72 298
72 360
72 392
72 428
72 447
72 450
72 488
73 176
73 265
73 285
73 287
73 302
73 335
73 355
73 372
73 415
73 449
73 492
74 55
74 127
74 263
74 334
74 389
74 390
74 399
74 415
74 446
74 448
74 474
75 79
75 191
75 202
75 274
75 286
75 318
75 400
75 429
75 440
75 464
75 496
76 9
76 65
76 67
76 79
76 303
76 319
76 362
76 412
76 419
76 426
76 473
77 4
77 28
77 46
77 126
77 174
77 186
77 204
77 261
77 431
77 492
77 498
78 16
78 33
78 67
78 120
78 179
78 189
78 242
78 349
78 434
78 445
78 477
79 42
79 75
79 76
79 111
79 113
79 121
79 156
79 186
79 426
79 440
79 495
80 53
80 98
80 120
80 195
80 215
80 295
80 329
80 351
80 363
80 465
80 499
81 62
81 105
81 336
81 409
81 414
81 426
81 436
81 464
81 468
81 488
81 495
82 48
82 68
82 104
82 164
82 239
82 279
82 315
82 332
82 342
82 401
82 414
83 183
83 296
83 363
83 364
83 371
83 406
83 417
83 445
83 473
83 488
83 495
84 32
84 44
84 88
84 156
84 173
84 262
84 293
84 429
84 430
84 475
84 484
85 46
85 129
85 264
85 317
85 326
85 346
85 413
85 438
85 487
85 491
85 500
86 92
86 149
86 286
86 297
86 312
86 325
86 389
86 390
86 409
86 442
86 477
87 59
87 155
87 297
87 345
87 436
87 441
87 444
87 455
87 498
87 499
87 500
88 2
88 84
88 135
88 152
88 222
88 303
88 325
88 362
88 453
88 489
88 500
89 69
89 97
89 139
89 307
89 366
89 385
89 402
89 407
89 428
89 457
89 500
90 132
90 299
90 356
90 390
90 396
90 403
90 459
90 467
90 478
90 490
90 497
91 28
91 125
91 313
91 342
91 374
91 377
91 396
91 416
91 453
91 456
91 490
92 86
92 311
92 332
92 364
92 381
92 419
92 430
92 435
92 442
92 460
92 482
93 45
93 212
93 292
93 311
93 347
93 349
93 361
93 429
93 461
93 468
93 495
94 70
94 101
94 227
94 243
94 250
94 290
94 353
94 416
94 459
94 477
94 484
95 28
95 176
95 353
95 388
95 407
95 450
95 465
95 478
95 479
95 482
95 494
96 53
96 132
96 223
96 231
96 298
96 459
96 467
96 475
96 476
96 490
96 499
97 42
97 89
97 131
97 172
97 223
97 285
97 335
97 383
97 428
97 444
97 448
98 80
98 113
98 189
98 192
98 248
98 413
98 419
98 426
98 435
98 460
98 462
99 40
99 45
99 250
99 296
99 379
99 392
99 400
99 447
99 456
99 465
99 500
100 141
100 166
100 206
100 220
100 302
100 412
100 423
100 436
100 444
100 475
100 498
101 94
101 118
101 152
101 188
101 200
101 212
101 217
101 427
101 451
101 461
101 496
102 180
102 193
102 240
102 285
102 339
102 404
102 434
102 468
102 488
102 489
102 495
103 55
103 155
103 305
103 309
103 328
103 338
103 420
103 435
103 453
103 472
103 477
104 68
104 82
104 225
104 226
104 229
104 242
104 276
104 312
104 400
104 487
104 491
105 81
105 113
105 117
105 148
105 251
105 338
105 384
105 421
105 442
105 468
105 480
106 15
106 121
106 130
106 259
106 268
106 344
106 348
106 401
106 420
106 479
106 499
107 112
107 116
107 164
107 181
107 210
107 346
107 377
107 444
107 479
107 483
107 488
108 148
108 175
108 272
108 291
108 303
108 309
108 319
108 438
108 462
108 475
108 490
109 22
109 117
109 242
109 258
109 264
109 274
109 383
109 422
109 433
109 493
109 497
110 33
110 44
110 254
110 269
110 320
110 352
110 354
110 397
110 464
110 480
110 497
111 79
111 130
111 140
111 226
111 299
111 308
111 343
111 373
111 389
111 410
111 490
112 107
112 116
112 127
112 133
112 238
112 251
112 316
112 322
112 328
112 423
112 464
113 79
113 98
113 105
113 127
113 157
113 173
113 212
113 294
113 311
113 480
113 488
114 15
114 239
114 253
114 351
114 395
114 405
114 406
114 432
114 447
114 450
114 467
115 13
115 41
115 154
115 258
115 309
115 331
115 350
115 405
115 419
115 477
115 488
116 107
116 112
116 134
116 199
116 261
116 270
116 353
116 355
116 385
116 424
116 444
117 26
117 105
117 109
117 124
117 163
117 219
117 274
117 355
117 422
117 428
117 451
117 498
118 101
118 150
118 242
118 245
118 265
118 307
118 318
118 322
118 362
118 411
118 451
118 480
119 222
119 231
119 254
119 291
119 326
119 331
119 382
119 435
119 451
119 461
119 477
119 493
120 7
120 78
120 80
120 130
120 201
120 235
120 273
120 279
120 363
120 373
120 391
120 467
121 28
121 50
121 79
121 106
121 224
121 250
121 279
121 288
121 344
121 353
121 417
121 467
122 22
122 141
122 254
122 269
122 320
122 337
122 338
122 339
122 404
122 473
122 488
122 495
123 166
123 210
123 271
123 277
123 278
123 289
123 335
123 419
123 433
123 461
123 470
123 481
124 59
124 62
124 117
124 246
124 261
124 366
124 383
124 437
124 463
124 484
124 486
124 498
125 22
125 62
125 91
125 232
125 235
125 373
125 403
125 416
125 465
125 476
125 490
125 494
126 36
126 77
126 156
126 209
126 286
126 300
126 334
126 366
126 372
126 377
126 402
126 498
127 74
127 112
127 113
127 165
127 175
127 264
127 402
127 470
127 473
127 483
127 493
127 497
128 265
128 272
128 277
128 380
128 404
128 409
128 417
128 453
128 460
128 464
128 475
128 479
129 12
129 46
129 63
129 85
129 318
129 341
129 346
129 423
129 448
129 449
129 466
129 469
130 50
130 106
130 111
130 120
130 158
130 273
130 355
130 395
130 414
130 470
130 478
130 499
131 97
131 255
131 267
131 306
131 323
131 404
131 432
131 436
131 457
131 467
131 491
131 492
132 61
132 90
132 96
132 142
132 245
132 315
132 324
132 392
132 418
132 451
132 463
132 467
133 21
133 112
133 155
133 274
133 282
133 340
133 397
133 399
133 424
133 433
133 471
133 483
134 52
134 116
134 202
134 205
134 246
134 251
134 299
134 326
134 399
134 424
134 485
134 492
135 6
135 88
135 188
135 199
135 244
135 305
135 310
135 380
135 384
135 392
135 475
135 488
136 8
136 36
136 188
136 219
136 264
136 339
136 375
136 385
136 399
136 431
136 475
136 500
137 62
137 64
137 141
137 146
137 203
137 275
137 332
137 423
137 428
137 449
137 451
137 458
138 203
138 278
138 294
138 323
138 346
138 383
138 400
138 431
138 436
138 470
138 491
138 495
139 23
139 46
139 89
139 166
139 266
139 333
139 366
139 389
139 395
139 424
139 485
139 498
140 12
140 111
140 147
140 159
140 167
140 231
140 348
140 354
140 379
140 467
140 478
140 482
141 57
141 100
141 122
141 137
141 295
141 377
141 425
141 433
141 436
141 444
141 446
141 458
142 58
142 70
142 132
142 218
142 308
142 395
142 405
142 409
142 440
142 463
142 478
142 500
143 148
143 187
143 203
143 215
143 327
143 357
143 362
143 371
143 429
143 454
143 462
143 499
144 162
144 240
144 242
144 278
144 291
144 344
144 357
144 376
144 427
144 429
144 445
144 487
145 185
145 288
145 298
145 308
145 356
145 369
145 408
145 418
145 444
145 472
145 474
145 479
146 4
146 40
146 137
146 230
146 318
146 422
146 430
146 438
146 445
146 454
146 461
146 468
147 40
147 140
147 218
147 243
147 271
147 298
147 351
147 354
147 369
147 396
147 415
147 499
148 105
148 108
148 143
148 184
148 228
148 265
148 335
148 336
148 406
148 418
148 480
148 495
149 7
149 86
149 213
149 248
149 320
149 343
149 364
149 441
149 453
149 464
149 465
149 474
150 50
150 52
150 118
150 208
150 304
150 342
150 359
150 360
150 456
150 476
150 482
150 484
151 32
151 283
151 304
151 343
151 359
151 361
151 364
151 386
151 392
151 447
151 464
151 499
152 8
152 88
152 101
152 173
152 262
152 320
152 371
152 384
152 455
152 467
152 486
152 495
153 10
153 22
153 56
153 175
153 260
153 294
153 326
153 421
153 455
153 456
153 473
153 486
154 27
154 46
154 115
154 187
154 364
154 382
154 406
154 421
154 461
154 464
154 471
154 474
155 64
155 87
155 103
155 133
155 163
155 204
155 266
155 302
155 370
155 425
155 457
155 497
156 79
156 84
156 126
156 225
156 346
156 409
156 420
156 434
156 435
156 455
156 474
156 500
157 113
157 205
157 281
157 285
157 306
157 327
157 346
157 432
157 452
157 492
157 493
157 496
158 15
158 130
158 279
158 290
158 298
158 303
158 316
158 335
158 339
158 414
158 422
158 484
159 17
159 40
159 140
159 270
159 309
159 313
159 360
159 414
159 418
159 476
159 478
159 490
160 14
160 221
160 287
160 346
160 377
160 407
160 432
160 442
160 444
160 457
160 497
160 500
161 213
161 295
161 296
161 379
161 386
161 388
161 418
161 452
161 472
161 476
161 481
161 494
162 68
162 72
162 144
162 210
162 215
162 243
162 256
162 324
162 344
162 360
162 395
162 405
163 41
163 61
163 117
163 155
163 246
163 271
163 422
163 425
163 443
163 444
163 485
163 486
164 82
164 107
164 236
164 263
164 326
164 340
164 364
164 413
164 437
164 452
164 492
164 497
165 51
165 127
165 174
165 181
165 185
165 218
165 263
165 411
165 422
165 424
165 428
165 481
166 100
166 123
166 139
166 181
166 211
166 324
166 326
166 380
166 443
166 448
166 466
166 492
167 64
167 140
167 267
167 275
167 322
167 334
167 336
167 365
167 457
167 458
167 466
167 481
168 71
168 337
168 371
168 400
168 411
168 420
168 421
168 432
168 433
168 434
168 445
168 489
169 34
169 72
169 192
169 288
169 303
169 354
169 370
169 396
169 403
169 408
169 472
169 499
170 28
170 247
170 253
170 299
170 304
170 314
170 408
170 411
170 438
170 476
170 484
170 490
170 499
171 213
171 256
171 291
171 295
171 325
171 348
171 356
171 396
171 405
171 447
171 459
171 467
171 471
172 21
172 30
172 97
172 203
172 220
172 275
172 308
172 340
172 358
172 372
172 398
172 470
172 497
173 41
173 84
173 113
173 152
173 215
173 294
173 325
173 364
173 380
173 474
173 493
173 498
173 500
174 65
174 77
174 165
174 179
174 262
174 281
174 305
174 383
174 389
174 442
174 492
174 497
174 498
175 22
175 38
175 50
175 108
175 127
175 153
175 176
175 197
175 226
175 229
175 461
175 473
175 496
176 73
176 95
176 175
176 275
176 377
176 398
176 403
176 424
176 425
176 431
176 433
176 437
176 497
177 50
177 185
177 199
177 218
177 252
177 314
177 402
177 410
177 452
177 471
177 476
177 490
177 499
178 2
178 67
178 206
178 228
178 282
178 293
178 340
178 352
178 358
178 393
178 404
178 462
178 477
179 78
179 174
179 264
179 285
179 294
179 341
179 413
179 426
179 431
179 432
179 448
179 457
179 483
180 5
180 23
180 102
180 207
180 260
180 341
180 345
180 358
180 371
180 421
180 472
180 475
180 489
181 66
181 107
181 165
181 166
181 206
181 230
181 334
181 375
181 389
181 398
181 457
181 463
181 498
182 186
182 241
182 244
182 265
182 279
182 289
182 331
182 363
182 376
182 382
182 475
182 477
182 480
183 5
183 26
183 83
183 184
183 265
183 272
183 417
183 427
183 428
183 430
183 453
183 480
183 489
184 148
184 183
184 189
184 240
184 282
184 290
184 338
184 347
184 377
184 417
184 436
184 438
184 475
185 39
185 72
185 145
185 165
185 177
185 208
185 337
185 350
185 351
185 354
185 416
185 463
185 490
186 42
186 77
186 79
186 182
186 246
186 272
186 305
186 338
186 382
186 404
186 419
186 445
186 475
187 143
187 154
187 212
187 236
187 253
187 333
187 381
187 426
187 439
187 467
187 469
187 477
187 489
188 101
188 135
188 136
188 221
188 246
188 277
188 322
188 341
188 414
188 424
188 446
188 483
188 493
189 71
189 78
189 98
189 184
189 207
189 208
189 333
189 376
189 434
189 469
189 474
189 480
189 486
190 223
190 239
190 338
190 360
190 368
190 369
190 391
190 403
190 450
190 454
190 461
190 484
190 494
191 65
191 66
191 75
191 338
191 352
191 371
191 385
191 439
191 454
191 461
191 472
191 474
191 480
192 35
192 98
192 169
192 328
192 349
192 409
192 419
192 420
192 429
192 435
192 438
192 484
192 495
193 56
193 102
193 226
193 236
193 240
193 252
193 325
193 370
193 408
193 435
193 459
193 477
193 489
194 25
194 43
194 215
194 231
194 253
194 358
194 393
194 401
194 439
194 451
194 468
194 480
194 486
195 80
195 218
195 239
195 256
195 329
195 343
195 353
195 359
195 374
195 376
195 387
195 408
195 476
196 29
196 40
196 243
196 279
196 363
196 374
196 387
196 425
196 471
196 484
196 494
196 498
196 499
197 175
197 210
197 281
197 325
197 337
197 338
197 350
197 358
197 381
197 426
197 430
197 464
197 486
198 40
198 57
198 211
198 237
198 253
198 304
198 343
198 367
198 368
198 382
198 410
198 463
198 490
199 58
199 61
199 116
199 135
199 177
199 201
199 247
199 290
199 301
199 373
199 410
199 444
199 499
200 9
200 41
200 101
200 321
200 327
200 357
200 372
200 409
200 426
200 427
200 455
200 461
200 497
201 120
201 199
201 223
201 246
201 279
201 302
201 339
201 342
201 360
201 367
201 369
201 442
201 456
202 57
202 58
202 75
202 134
202 237
202 257
202 286
202 342
202 344
202 363
202 391
202 418
202 484
203 137
203 138
203 143
203 172
203 279
203 285
203 297
203 345
203 391
203 415
203 437
203 481
203 498
204 27
204 77
204 155
204 207
204 277
204 345
204 389
204 397
204 399
204 431
204 432
204 457
204 464
205 134
205 157
205 255
205 289
205 377
205 390
205 402
205 428
205 433
205 457
205 461
205 485
205 489
206 66
206 100
206 178
206 181
206 300
206 320
206 340
206 372
206 433
206 452
206 491
206 492
206 498
207 37
207 180
207 189
207 204
207 292
207 311
207 331
207 347
207 419
207 461
207 472
207 473
207 489
208 150
208 185
208 189
208 287
208 296
208 307
208 308
208 344
208 403
208 414
208 431
208 467
208 490
209 126
209 256
209 263
209 264
209 280
209 317
209 375
209 424
209 433
209 446
209 452
209 478
209 491
210 34
210 107
210 123
210 162
210 197
210 249
210 264
210 316
210 383
210 398
210 446
210 469
210 485
211 166
211 198
211 238
211 334
211 342
211 366
211 385
211 428
211 431
211 433
211 466
211 488
211 497
212 54
212 93
212 101
212 113
212 187
212 296
212 300
212 384
212 430
212 432
212 440
212 447
212 486
213 31
213 61
213 149
213 161
213 171
213 236
213 359
213 386
213 391
213 403
213 456
213 472
213 476
214 47
214 234
214 269
214 289
214 300
214 364
214 404
214 420
214 441
214 459
214 474
214 477
214 495
215 80
215 143
215 162
215 173
215 194
215 226
215 293
215 358
215 380
215 445
215 462
215 472
215 487
216 70
216 243
216 253
216 324
216 332
216 333
216 361
216 378
216 392
216 394
216 408
216 447
216 454
217 1
217 101
217 247
217 293
217 318
217 325
217 330
217 370
217 440
217 454
217 474
217 477
217 479
218 10
218 19
218 142
218 147
218 165
218 177
218 195
218 307
218 308
218 332
218 392
218 394
218 482
219 62
219 117
219 136
219 280
219 329
219 355
219 375
219 421
219 422
219 425
219 446
219 477
219 481
219 498
220 44
220 100
220 172
220 275
220 365
220 413
220 423
220 425
220 443
220 452
220 483
220 493
220 495
220 498
221 18
221 62
221 63
221 160
221 188
221 325
221 355
221 365
221 377
221 389
221 425
221 449
221 489
221 492
222 17
222 67
222 88
222 119
222 236
222 259
222 263
222 269
222 288
222 364
222 393
222 400
222 427
222 478
223 34
223 96
223 97
223 190
223 201
223 244
223 283
223 308
223 343
223 356
223 363
223 378
223 473
223 482
224 44
224 121
224 241
224 273
224 304
224 313
224 356
224 386
224 408
224 416
224 420
224 459
224 471
224 490
225 16
225 53
225 104
225 156
225 259
225 311
225 343
225 381
225 400
225 442
225 454
225 455
225 461
225 495
226 29
226 44
226 104
226 111
226 175
226 193
226 215
226 241
226 276
226 409
226 435
226 447
226 461
226 462
227 94
227 235
227 270
227 284
227 301
227 314
227 345
227 408
227 412
227 414
227 456
227 465
227 471
227 484
228 148
228 178
228 294
228 329
228 370
228 376
228 397
228 406
228 417
228 428
228 439
228 442
228 474
228 495
229 104
229 175
229 252
229 310
229 333
229 339
229 441
229 443
229 445
229 463
229 468
229 472
229 473
229 495
230 20
230 146
230 181
230 234
230 236
230 292
230 326
230 334
230 427
230 438
230 441
230 460
230 464
230 488
231 51
231 96
231 119
231 140
231 194
231 310
231 347
231 382
231 384
231 411
231 417
231 451
231 453
231 460
232 70
232 125
232 273
232 301
232 332
232 346
232 361
232 367
232 378
232 388
232 402
232 447
232 459
232 465
233 8
233 251
233 322
233 345
233 348
233 385
233 396
233 398
233 437
233 444
233 466
233 470
233 491
233 500
234 55
234 214
234 230
234 282
234 286
234 371
234 382
234 387
234 393
234 423
234 428
234 438
234 451
234 461
235 120
235 125
235 227
235 250
235 256
235 284
235 342
235 362
235 379
235 389
235 428
235 450
235 471
235 494
236 5
236 6
236 164
236 187
236 193
236 213
236 222
236 230
236 376
236 406
236 409
236 467
236 474
236 489
237 198
237 202
237 257
237 307
237 329
237 340
237 368
237 369
237 394
237 408
237 416
237 475
237 488
237 499
238 21
238 27
238 112
238 211
238 317
238 355
238 399
238 413
238 418
238 431
238 435
238 492
238 493
238 497
239 70
239 82
239 114
239 190
239 195
239 256
239 280
239 284
239 288
239 329
239 367
239 370
239 460
239 494
240 102
240 144
240 184
240 193
240 293
240 305
240 309
240 358
240 378
240 419
240 460
240 488
240 490
240 494
241 7
241 182
241 224
241 226
241 269
241 272
241 297
241 311
241 325
241 331
241 336
241 370
241 408
241 412
242 56
242 71
242 78
242 104
242 109
242 118
242 144
242 254
242 269
242 350
242 379
242 406
242 430
242 441
243 56
243 94
243 147
243 162
243 196
243 216
243 256
243 324
243 391
243 408
243 470
243 476
243 479
243 488
244 135
244 182
244 223
244 281
244 291
244 320
244 330
244 412
244 442
244 446
244 454
244 468
244 486
244 496
245 118
245 132
245 247
245 259
245 318
245 321
245 358
245 387
245 399
245 427
245 429
245 442
245 468
245 486
246 36
246 124
246 134
246 163
246 186
246 188
246 201
246 280
246 345
246 384
246 458
246 481
246 491
246 493
247 70
247 170
247 199
247 217
247 245
247 250
247 307
247 351
247 360
247 378
247 394
247 410
247 440
247 467
247 484
248 23
248 98
248 149
248 254
248 262
248 309
248 366
248 381
248 440
248 441
248 465
248 472
248 480
248 483
248 487
249 26
249 35
249 210
249 266
249 301
249 326
249 340
249 349
249 351
249 422
249 425
249 432
249 448
249 483
249 497
250 94
250 99
250 121
250 235
250 247
250 314
250 323
250 328
250 359
250 410
250 450
250 471
250 479
250 484
250 500
251 24
251 36
251 105
251 112
251 134
251 233
251 297
251 380
251 387
251 415
251 446
251 448
251 469
251 483
251 491
252 56
252 177
252 193
252 229
252 318
252 370
252 376
252 380
252 382
252 426
252 439
252 471
252 473
252 475
252 481
253 50
253 61
253 114
253 170
253 187
253 194
253 198
253 216
253 283
253 299
253 359
253 438
253 456
253 467
253 482
254 110
254 119
254 122
254 242
254 248
254 260
254 262
254 327
254 347
254 359
254 445
254 453
254 467
254 473
254 492
255 18
255 131
255 205
255 316
255 317
255 335
255 341
255 366
255 371
255 372
255 402
255 415
255 425
255 427
255 451
256 3
256 162
256 171
256 195
256 209
256 235
256 239
256 243
256 259
256 303
256 324
256 339
256 342
256 386
256 484
257 58
257 202
257 237
257 270
257 315
257 348
257 351
257 373
257 379
257 410
257 442
257 446
257 453
257 478
257 499
258 2
258 60
258 109
258 115
258 262
258 269
258 333
258 347
258 355
258 411
258 443
258 475
258 477
258 480
258 486
259 2
259 106
259 222
259 225
259 245
259 256
259 310
259 347
259 387
259 406
259 420
259 440
259 453
259 462
259 466
260 16
260 43
260 153
260 180
260 254
260 312
260 357
260 380
260 392
260 412
260 425
260 440
260 460
260 470
260 496
261 7
261 27
261 52
261 77
261 116
261 124
261 365
261 393
261 398
261 407
261 422
261 464
261 470
261 491
261 498
262 37
262 42
262 49
262 84
262 152
262 174
262 248
262 254
262 258
262 362
262 406
262 426
262 440
262 462
262 464
263 74
263 164
263 165
263 209
263 222
263 266
263 285
263 289
263 312
263 321
263 385
263 402
263 423
263 458
263 481
264 10
264 85
264 109
264 127
264 136
264 179
264 209
264 210
264 317
264 433
264 437
264 469
264 483
264 486
264 496
265 73
265 118
265 128
265 148
265 182
265 183
265 362
265 379
265 384
265 404
265 427
265 454
265 464
265 488
265 493
266 3
266 52
266 139
266 155
266 249
266 263
266 284
266 372
266 375
266 383
266 398
266 421
266 470
266 475
266 500
267 36
267 131
267 167
267 278
267 281
267 357
267 377
267 423
267 428
267 432
267 439
267 445
267 446
267 491
267 492
268 51
268 106
268 290
268 339
268 344
268 360
268 361
268 375
268 378
268 384
268 405
268 478
268 479
268 490
268 499
269 19
269 110
269 122
269 214
269 222
269 241
269 242
269 258
269 313
269 395
269 400
269 411
269 426
269 438
269 461
270 31
270 57
270 72
270 116
270 159
270 227
270 257
270 361
270 367
270 379
270 395
270 457
270 476
270 489
270 494
271 66
271 123
271 147
271 163
271 281
271 323
271 335
271 355
271 356
271 372
271 389
271 401
271 424
271 470
271 493
272 36
272 108
272 128
272 183
272 186
272 241
272 308
272 340
272 352
272 376
272 430
272 451
272 473
272 480
272 495
273 50
273 58
273 120
273 130
273 224
273 232
273 275
273 288
273 410
273 448
273 465
273 476
273 482
273 484
273 491
274 18
274 59
274 75
274 109
274 117
274 133
274 278
274 297
274 336
274 341
274 397
274 402
274 420
274 458
274 481
275 55
275 137
275 167
275 172
275 176
275 220
275 273
275 320
275 360
275 397
275 415
275 428
275 449
275 466
275 481
276 44
276 104
276 226
276 300
276 312
276 327
276 337
276 352
276 365
276 403
276 407
276 412
276 454
276 477
276 496
277 24
277 123
277 128
277 188
277 204
277 338
277 389
277 391
277 398
277 399
277 422
277 444
277 481
277 483
277 485
277 491
278 27
278 123
278 138
278 144
278 267
278 274
278 292
278 297
278 346
278 376
278 383
278 389
278 444
278 470
278 483
278 492
279 69
279 82
279 120
279 121
279 158
279 182
279 196
279 201
279 203
279 306
279 369
279 408
279 450
279 471
279 479
279 481
280 9
280 36
280 209
280 219
280 239
280 246
280 297
280 301
280 335
280 375
280 377
280 415
280 423
280 437
280 443
280 470
281 52
281 157
281 174
281 197
281 244
281 267
281 271
281 316
281 422
281 433
281 443
281 446
281 466
281 473
281 481
281 493
282 10
282 22
282 30
282 38
282 44
282 47
282 133
282 178
282 184
282 234
282 300
282 357
282 364
282 426
282 427
282 471
283 1
283 4
283 151
283 223
283 253
283 296
283 329
283 332
283 342
283 361
283 392
283 401
283 456
283 467
283 474
283 490
284 19
284 227
284 235
284 239
284 266
284 293
284 324
284 339
284 348
284 359
284 363
284 388
284 465
284 486
284 494
284 499
285 35
285 63
285 73
285 97
285 102
285 157
285 179
285 203
285 263
285 335
285 341
285 359
285 423
285 461
285 469
285 500
286 2
286 9
286 56
286 75
286 86
286 126
286 202
286 234
286 319
286 382
286 420
286 430
286 451
286 474
286 475
286 484
287 32
287 69
287 73
287 160
287 208
287 354
287 368
287 379
287 386
287 394
287 396
287 401
287 442
287 482
287 497
287 499
288 34
288 121
288 145
288 169
288 222
288 239
288 273
288 295
288 304
288 307
288 308
288 367
288 377
288 418
288 494
288 496
289 23
289 63
289 123
289 182
289 205
289 214
289 263
289 383
289 422
289 448
289 458
289 469
289 485
289 488
289 491
289 498
290 19
290 34
290 94
290 158
290 184
290 199
290 268
290 303
290 378
290 381
290 395
290 401
290 410
290 458
290 465
290 482
291 25
291 29
291 108
291 119
291 144
291 171
291 244
291 330
291 346
291 371
291 405
291 412
291 440
291 445
291 454
291 475
292 93
292 207
292 230
292 278
292 310
292 327
292 336
292 349
292 357
292 388
292 403
292 412
292 421
292 445
292 455
292 462
293 16
293 84
293 178
293 215
293 217
293 240
293 284
293 300
293 381
293 395
293 398
293 429
293 434
293 455
293 472
293 500
294 113
294 138
294 153
294 173
294 179
294 228
294 321
294 357
294 371
294 378
294 387
294 409
294 439
294 462
294 472
294 474
295 48
295 80
295 141
295 161
295 171
295 288
295 330
295 332
295 354
295 367
295 373
295 405
295 418
295 467
295 478
295 496
296 58
296 83
296 99
296 161
296 208
296 212
296 283
296 313
296 351
296 367
296 378
296 388
296 391
296 399
296 447
296 463
297 62
297 86
297 87
297 203
297 241
297 251
297 274
297 278
297 280
297 341
297 397
297 422
297 440
297 452
297 469
297 491
298 72
298 96
298 145
298 147
298 158
298 313
298 356
298 369
298 396
298 403
298 441
298 459
298 476
298 480
298 483
298 490
299 48
299 90
299 111
299 134
299 170
299 253
299 305
299 348
299 360
299 363
299 368
299 374
299 386
299 410
299 424
299 459
300 126
300 206
300 212
300 214
300 276
300 282
300 293
300 305
300 328
300 333
300 337
300 353
300 368
300 429
300 454
300 461
301 15
301 53
301 199
301 227
301 232
301 249
301 280
301 303
301 314
301 344
301 410
301 434
301 456
301 463
301 471
301 494
302 73
302 100
302 155
302 201
302 314
302 334
302 399
302 441
302 443
302 465
302 466
302 469
302 470
302 481
302 485
302 492
302 493
303 45
303 76
303 88
303 108
303 158
303 169
303 256
303 290
303 301
303 324
303 329
303 363
303 373
303 379
303 409
303 416
303 490
304 150
304 151
304 170
304 198
304 224
304 288
304 315
304 328
304 348
304 361
304 368
304 394
304 437
304 471
304 475
304 476
304 482
305 22
305 69
305 103
305 135
305 174
305 186
305 240
305 299
305 300
305 312
305 316
305 417
305 429
305 477
305 486
305 487
305 495
306 131
306 157
306 279
306 318
306 365
306 375
306 383
306 407
306 413
306 431
306 436
306 437
306 439
306 466
306 470
306 497
306 500
307 61
307 70
307 89
307 118
307 208
307 218
307 237
307 247
307 288
307 308
307 314
307 408
307 461
307 463
307 478
307 484
307 499
308 2
308 111
308 142
308 145
308 172
308 208
308 218
308 223
308 272
308 288
308 307
308 331
308 343
308 348
308 368
308 378
308 394
309 42
309 103
309 108
309 115
309 159
309 240
309 248
309 317
309 325
309 370
309 412
309 427
309 435
309 449
309 455
309 466
309 472
310 25
310 56
310 57
310 135
310 229
310 231
310 259
310 292
310 324
310 330
310 333
310 364
310 417
310 427
310 444
310 472
310 491
311 58
311 92
311 93
311 113
311 207
311 225
311 241
311 321
311 366
311 371
311 404
311 410
311 438
311 445
311 455
311 464
311 472
312 44
312 86
312 104
312 260
312 263
312 276
312 305
312 350
312 380
312 383
312 404
312 421
312 425
312 479
312 480
312 486
312 496
313 49
313 61
313 91
313 159
313 224
313 269
313 296
313 298
313 339
313 374
313 379
313 403
313 404
313 410
313 459
313 462
313 482
314 170
314 177
314 227
314 250
314 301
314 302
314 307
314 357
314 371
314 416
314 450
314 456
314 463
314 479
314 482
314 494
314 499
315 15
315 53
315 57
315 82
315 132
315 257
315 304
315 351
315 354
315 358
315 379
315 388
315 418
315 448
315 450
315 452
315 479
316 55
316 112
316 158
316 210
316 255
316 281
316 305
316 326
316 345
316 346
316 385
316 386
316 423
316 443
316 448
316 466
316 469
317 18
317 85
317 209
317 238
317 255
317 264
317 309
317 341
317 345
317 385
317 399
317 407
317 425
317 435
317 448
317 454
317 500
318 54
318 75
318 118
318 129
318 146
318 217
318 245
318 252
318 306
318 390
318 395
318 411
318 434
318 468
318 474
318 475
318 486
319 23
319 25
319 76
319 108
319 286
319 349
319 356
319 376
319 380
319 387
319 393
319 427
319 430
319 451
319 487
319 492
319 498
320 110
320 122
320 149
320 152
320 206
320 244
320 275
320 328
320 400
320 404
320 406
320 411
320 417
320 429
320 449
320 453
320 474
321 47
321 60
321 200
321 245
321 263
321 294
321 311
321 350
321 362
321 371
321 387
321 396
321 413
321 420
321 441
321 466
321 496
322 31
322 112
322 118
322 167
322 188
322 233
322 355
322 372
322 377
322 389
322 413
322 418
322 419
322 452
322 466
322 469
322 470
323 37
323 63
323 131
323 138
323 250
323 271
323 349
323 365
323 377
323 398
323 412
323 415
323 449
323 452
323 485
323 497
323 498
324 12
324 132
324 162
324 166
324 216
324 243
324 256
324 284
324 303
324 310
324 343
324 396
324 440
324 450
324 468
324 471
324 482
325 38
325 86
325 88
325 171
325 173
325 193
325 197
325 217
325 221
325 241
325 309
325 330
325 366
325 403
325 412
325 440
325 474
326 35
326 85
326 119
326 134
326 153
326 164
326 166
326 230
326 249
326 316
326 335
326 383
326 422
326 437
326 444
326 468
326 491
327 7
327 143
327 157
327 200
327 254
327 276
327 292
327 381
327 393
327 404
327 442
327 455
327 460
327 465
327 482
327 489
327 497
328 6
328 20
328 60
328 103
328 112
328 192
328 250
328 300
328 304
328 320
328 381
328 417
328 439
328 474
328 477
328 486
328 488
328 489
329 30
329 80
329 195
329 219
329 228
329 237
329 239
329 283
329 303
329 348
329 360
329 394
329 416
329 448
329 456
329 459
329 476
329 479
330 2
330 217
330 244
330 291
330 295
330 310
330 325
330 343
330 364
330 373
330 390
330 411
330 427
330 440
330 442
330 477
330 482
330 487
331 25
331 43
331 47
331 48
331 115
331 119
331 182
331 207
331 241
331 308
331 337
331 412
331 426
331 442
331 460
331 485
331 488
331 493
332 46
332 61
332 68
332 82
332 92
332 137
332 216
332 218
332 232
332 283
332 295
332 344
332 360
332 363
332 364
332 368
332 369
332 456
333 33
333 63
333 139
333 187
333 189
333 216
333 229
333 258
333 300
333 310
333 352
333 404
333 430
333 434
333 439
333 449
333 475
333 489
334 20
334 26
334 66
334 74
334 126
334 167
334 181
334 211
334 230
334 302
334 340
334 397
334 405
334 431
334 457
334 470
334 477
334 481
335 73
335 97
335 123
335 148
335 158
335 255
335 271
335 280
335 285
335 326
335 365
335 423
335 425
335 433
335 449
335 458
335 466
335 467
336 5
336 20
336 60
336 81
336 148
336 167
336 241
336 274
336 292
336 352
336 390
336 405
336 438
336 440
336 445
336 453
336 474
336 488
337 4
337 67
337 122
337 168
337 185
337 197
337 276
337 300
337 331
337 343
337 380
337 400
337 409
337 433
337 447
337 454
337 487
337 496
338 25
338 103
338 105
338 122
338 184
338 186
338 190
338 191
338 197
338 277
338 357
338 387
338 400
338 410
338 421
338 434
338 441
338 495
339 15
339 29
339 102
339 122
339 136
339 158
339 201
339 229
339 256
339 268
339 284
339 313
339 367
339 373
339 463
339 465
339 482
339 494
340 8
340 14
340 21
340 52
340 64
340 133
340 164
340 172
340 178
340 206
340 237
340 249
340 272
340 334
340 402
340 431
340 449
340 487
341 35
341 129
341 179
341 180
341 188
341 255
341 274
341 285
341 297
341 317
341 345
341 353
341 355
341 374
341 443
341 458
341 469
341 500
342 69
342 82
342 91
342 150
342 201
342 202
342 211
342 235
342 256
342 283
342 350
342 351
342 386
342 408
342 453
342 476
342 494
342 499
343 28
343 68
343 111
343 149
343 151
343 195
343 198
343 223
343 225
343 308
343 324
343 330
343 337
343 374
343 378
343 386
343 447
343 494
344 13
344 27
344 106
344 121
344 144
344 162
344 202
344 208
344 268
344 301
344 332
344 363
344 367
344 395
344 414
344 435
344 476
344 487
345 24
345 87
345 180
345 203
345 204
345 227
345 233
345 246
345 316
345 317
345 341
345 360
345 424
345 427
345 443
345 452
345 469
345 491
346 85
346 107
346 129
346 138
346 156
346 157
346 160
346 232
346 278
346 291
346 316
346 388
346 407
346 413
346 436
346 448
346 452
346 500
347 93
347 184
347 207
347 231
347 254
347 258
347 259
347 373
347 381
347 390
347 413
347 440
347 441
347 442
347 468
347 469
347 477
347 496
348 32
348 106
348 140
348 171
348 233
348 257
348 284
348 299
348 304
348 308
348 329
348 356
348 367
348 374
348 402
348 403
348 417
348 479
349 1
349 9
349 10
349 39
349 78
349 93
349 192
349 249
349 292
349 319
349 323
349 388
349 390
349 419
349 460
349 462
349 472
349 487
350 17
350 25
350 44
350 115
350 185
350 197
350 242
350 312
350 321
350 342
350 376
350 409
350 411
350 434
350 441
350 468
350 487
350 498
351 19
351 80
351 114
351 147
351 185
351 247
351 249
351 257
351 296
351 315
351 342
351 352
351 363
351 379
351 403
351 410
351 411
351 463
352 38
352 54
352 110
352 178
352 191
352 272
352 276
352 333
352 336
352 351
352 371
352 381
352 414
352 429
352 441
352 449
352 474
352 495
353 12
353 45
353 48
353 94
353 95
353 116
353 121
353 195
353 300
353 341
353 374
353 394
353 395
353 396
353 447
353 463
353 478
353 490
353 491
354 9
354 50
354 110
354 140
354 147
354 169
354 185
354 287
354 295
354 315
354 356
354 359
354 363
354 375
354 394
354 401
354 414
354 426
354 490
355 5
355 18
355 73
355 116
355 117
355 130
355 219
355 221
355 238
355 258
355 271
355 322
355 341
355 381
355 415
355 443
355 444
355 483
355 492
356 13
356 90
356 145
356 171
356 223
356 224
356 271
356 298
356 319
356 348
356 354
356 373
356 416
356 433
356 459
356 460
356 465
356 467
356 479
357 71
357 143
357 144
357 200
357 260
357 267
357 282
357 292
357 294
357 314
357 338
357 370
357 372
357 389
357 393
357 404
357 429
357 487
357 495
358 10
358 172
358 178
358 180
358 194
358 197
358 215
358 240
358 245
358 315
358 362
358 411
358 420
358 424
358 429
358 439
358 460
358 462
358 492
359 48
359 150
359 151
359 195
359 213
359 250
359 253
359 254
359 284
359 285
359 354
359 368
359 382
359 383
359 391
359 414
359 476
359 479
359 484
360 32
360 72
360 150
360 159
360 162
360 190
360 201
360 247
360 268
360 275
360 299
360 329
360 332
360 345
360 376
360 396
360 414
360 472
360 478
360 484
361 93
361 151
361 216
361 232
361 268
361 270
361 283
361 304
361 363
361 367
361 378
361 395
361 401
361 403
361 405
361 413
361 434
361 459
361 468
361 482
362 76
362 88
362 118
362 143
362 235
362 262
362 265
362 321
362 358
362 400
362 411
362 416
362 426
362 439
362 450
362 468
362 486
362 487
362 489
362 494
363 80
363 83
363 120
363 182
363 196
363 202
363 223
363 284
363 299
363 303
363 332
363 344
363 351
363 354
363 361
363 369
363 373
363 432
363 455
363 471
364 23
364 71
364 83
364 92
364 149
364 151
364 154
364 164
364 173
364 214
364 222
364 282
364 310
364 330
364 332
364 365
364 404
364 409
364 451
364 454
365 12
365 58
365 64
365 65
365 167
365 220
365 221
365 261
365 276
365 306
365 323
365 335
365 364
365 413
365 415
365 423
365 437
365 457
365 469
365 498
366 11
366 89
366 124
366 126
366 139
366 211
366 248
366 255
366 311
366 325
366 385
366 399
366 432
366 436
366 466
366 480
366 481
366 483
366 492
366 497
367 13
367 198
367 201
367 232
367 239
367 270
367 288
367 295
367 296
367 339
367 344
367 348
367 361
367 369
367 411
367 414
367 419
367 480
367 490
367 496
368 29
368 190
368 198
368 237
368 287
368 299
368 300
368 304
368 308
368 332
368 359
368 372
368 378
368 379
368 418
368 426
368 436
368 459
368 467
368 499
369 15
369 18
369 145
369 147
369 190
369 201
369 237
369 279
369 298
369 332
369 363
369 367
369 376
369 380
369 391
369 396
369 401
369 414
369 416
369 455
370 1
370 16
370 155
370 169
370 193
370 217
370 228
370 239
370 241
370 252
370 309
370 357
370 384
370 419
370 424
370 427
370 472
370 480
370 488
370 489
371 23
371 59
371 83
371 143
371 152
371 168
371 180
371 191
371 234
371 255
371 291
371 294
371 311
371 314
371 321
371 352
371 431
371 454
371 464
371 477
372 24
372 26
372 64
372 73
372 126
372 172
372 200
372 206
372 255
372 266
372 271
372 322
372 357
372 368
372 389
372 406
372 424
372 436
372 437
372 446
373 31
373 111
373 120
373 125
373 199
373 257
373 295
373 303
373 330
373 339
373 347
373 356
373 363
373 395
373 403
373 405
373 447
373 452
373 457
373 482
374 48
374 68
374 91
374 195
374 196
374 299
374 313
374 341
374 343
374 348
374 353
374 377
374 405
374 414
374 439
374 459
374 465
374 471
374 479
374 480
375 71
375 136
375 181
375 209
375 219
375 266
375 268
375 280
375 306
375 354
375 398
375 422
375 427
375 432
375 436
375 437
375 469
375 470
375 491
375 497
375 500
376 56
376 144
376 182
376 189
376 195
376 228
376 236
376 252
376 272
376 278
376 319
376 350
376 360
376 369
376 393
376 429
376 434
376 435
376 437
376 453
376 486
377 91
377 107
377 126
377 141
377 160
377 176
377 184
377 205
377 221
377 267
377 280
377 288
377 322
377 323
377 374
377 385
377 398
377 423
377 444
377 448
377 493
378 13
378 216
378 223
378 232
378 240
378 247
378 268
378 290
378 294
378 296
378 308
378 343
378 361
378 368
378 397
378 401
378 405
378 416
378 418
378 482
378 493
379 29
379 67
379 99
379 140
379 161
379 235
379 242
379 257
379 265
379 270
379 287
379 303
379 313
379 315
379 351
379 368
379 381
379 395
379 403
379 463
379 479
380 41
380 128
380 135
380 166
380 173
380 215
380 251
380 252
380 260
380 312
380 319
380 337
380 369
380 393
380 451
380 454
380 460
380 461
380 463
380 468
380 477
381 42
381 92
381 187
381 197
381 225
381 248
381 290
381 293
381 327
381 328
381 347
381 352
381 355
381 379
381 412
381 426
381 433
381 440
381 445
381 455
381 486
382 43
382 119
382 154
382 182
382 186
382 198
382 231
382 234
382 252
382 286
382 359
382 384
382 390
382 399
382 439
382 440
382 455
382 462
382 472
382 475
382 485
383 37
383 60
383 63
383 97
383 109
383 124
383 138
383 174
383 210
383 266
383 278
383 289
383 306
383 312
383 326
383 359
383 389
383 449
383 460
383 481
383 500
384 10
384 21
384 105
384 135
384 152
384 212
384 231
384 246
384 265
384 268
384 370
384 382
384 387
384 393
384 398
384 420
384 433
384 464
384 473
384 489
384 496
385 33
385 59
385 89
385 116
385 136
385 191
385 211
385 233
385 263
385 316
385 317
385 366
385 377
385 393
385 413
385 443
385 444
385 448
385 455
385 483
385 485
386 15
386 70
386 151
386 161
386 213
386 224
386 256
386 287
386 299
386 316
386 342
386 343
386 394
386 405
386 410
386 450
386 455
386 465
386 466
386 470
386 471
387 5
387 195
387 196
387 234
387 245
387 251
387 259
387 294
387 319
387 321
387 338
387 384
387 392
387 396
387 400
387 412
387 419
387 430
387 462
387 480
387 495
388 32
388 39
388 41
388 48
388 57
388 69
388 95
388 161
388 232
388 284
388 292
388 296
388 315
388 346
388 349
388 395
388 416
388 465
388 479
388 482
388 484
389 74
389 86
389 111
389 139
389 174
389 181
389 204
389 221
389 235
389 271
389 277
389 278
389 322
389 357
389 372
389 383
389 402
389 424
389 437
389 449
389 466
390 64
390 74
390 86
390 90
390 205
390 318
390 330
390 336
390 347
390 349
390 382
390 419
390 420
390 421
390 434
390 438
390 451
390 460
390 464
390 472
390 480
391 39
391 49
391 61
391 68
391 120
391 190
391 202
391 203
391 213
391 243
391 277
391 296
391 359
391 369
391 441
391 450
391 463
391 480
391 482
391 484
391 499
392 29
392 38
392 49
392 70
392 72
392 99
392 132
392 135
392 151
392 216
392 218
392 260
392 283
392 387
392 447
392 456
392 465
392 471
392 476
392 479
392 494
393 60
393 178
393 194
393 222
393 234
393 261
393 319
393 327
393 357
393 376
393 380
393 384
393 385
393 394
393 396
393 400
393 430
393 438
393 442
393 455
393 461
393 480
394 2
394 40
394 61
394 216
394 218
394 237
394 247
394 287
394 304
394 308
394 329
394 353
394 354
394 386
394 393
394 408
394 430
394 446
394 447
394 456
394 476
394 484
395 34
395 57
395 114
395 130
395 139
395 142
395 162
395 269
395 270
395 290
395 293
395 318
395 344
395 353
395 361
395 373
395 379
395 388
395 403
395 445
395 447
395 456
396 13
396 28
396 57
396 90
396 91
396 147
396 169
396 171
396 233
396 287
396 298
396 321
396 324
396 353
396 360
396 369
396 387
396 393
396 401
396 405
396 410
396 450
397 3
397 24
397 26
397 30
397 37
397 66
397 110
397 133
397 204
397 228
397 274
397 275
397 297
397 334
397 378
397 402
397 423
397 427
397 428
397 482
397 491
397 493
398 46
398 66
398 172
398 176
398 181
398 210
398 233
398 261
398 266
398 277
398 293
398 323
398 375
398 377
398 384
398 417
398 425
398 428
398 466
398 482
398 490
398 492
399 53
399 55
399 65
399 74
399 133
399 134
399 136
399 204
399 238
399 245
399 277
399 296
399 302
399 317
399 366
399 382
399 402
399 425
399 452
399 481
399 485
399 500
400 75
400 99
400 104
400 138
400 168
400 222
400 225
400 269
400 320
400 337
400 338
400 362
400 387
400 393
400 429
400 438
400 439
400 440
400 454
400 457
400 458
400 487
401 32
401 49
401 82
401 106
401 194
401 271
401 283
401 287
401 290
401 354
401 361
401 369
401 378
401 396
401 408
401 414
401 437
401 447
401 459
401 467
401 471
401 474
402 59
402 89
402 126
402 127
402 177
402 205
402 232
402 255
402 263
402 274
402 340
402 348
402 389
402 397
402 399
402 413
402 415
402 432
402 443
402 469
402 483
402 487
403 48
403 90
403 125
403 169
403 176
403 190
403 208
403 213
403 276
403 292
403 298
403 313
403 325
403 348
403 351
403 361
403 373
403 379
403 395
403 418
403 492
403 494
404 5
404 102
404 122
404 128
404 131
404 178
404 186
404 214
404 265
404 311
404 312
404 313
404 320
404 327
404 333
404 357
404 364
404 409
404 412
404 441
404 456
404 465
405 45
405 49
405 60
405 114
405 115
405 142
405 162
405 171
405 268
405 291
405 295
405 334
405 336
405 361
405 373
405 374
405 378
405 386
405 396
405 410
405 459
405 467
406 25
406 83
406 114
406 148
406 154
406 228
406 236
406 242
406 259
406 262
406 320
406 372
406 418
406 421
406 434
406 435
406 439
406 453
406 454
406 487
406 488
406 490
407 11
407 14
407 46
407 55
407 65
407 89
407 95
407 160
407 261
407 276
407 306
407 317
407 346
407 423
407 431
407 438
407 449
407 456
407 458
407 465
407 470
407 481
407 485
408 31
408 145
408 169
408 170
408 193
408 195
408 216
408 224
408 227
408 237
408 241
408 243
408 279
408 307
408 342
408 394
408 401
408 418
408 448
408 469
408 471
408 478
408 486
409 65
409 81
409 86
409 128
409 142
409 156
409 192
409 200
409 226
409 236
409 294
409 303
409 337
409 350
409 364
409 404
409 424
409 443
409 451
409 460
409 461
409 468
409 488
410 111
410 177
410 198
410 199
410 247
410 250
410 257
410 273
410 290
410 299
410 301
410 311
410 313
410 338
410 351
410 386
410 396
410 405
410 415
410 416
410 445
410 447
410 485
411 10
411 118
411 165
411 168
411 170
411 231
411 258
411 269
411 318
411 320
411 330
411 350
411 351
411 358
411 362
411 367
411 440
411 454
411 455
411 474
411 486
411 487
411 495
412 43
412 67
412 76
412 100
412 227
412 241
412 244
412 260
412 276
412 291
412 292
412 309
412 323
412 325
412 331
412 381
412 387
412 404
412 427
412 444
412 445
412 489
412 490
413 52
413 85
413 98
413 164
413 179
413 220
413 238
413 306
413 321
413 322
413 346
413 347
413 361
413 365
413 385
413 402
413 421
413 423
413 448
413 452
413 469
413 483
413 492
414 53
414 68
414 81
414 82
414 130
414 158
414 159
414 188
414 208
414 227
414 344
414 352
414 354
414 359
414 360
414 367
414 369
414 374
414 401
414 417
414 471
414 478
414 479
415 21
415 55
415 66
415 70
415 73
415 74
415 147
415 203
415 251
415 255
415 275
415 280
415 323
415 355
415 365
415 402
415 410
415 446
415 447
415 469
415 491
415 493
415 495
416 40
416 58
416 91
416 94
416 125
416 185
416 224
416 237
416 303
416 314
416 329
416 356
416 362
416 369
416 378
416 388
416 410
416 429
416 465
416 478
416 482
416 483
416 488
417 4
417 83
417 121
417 128
417 183
417 184
417 228
417 231
417 305
417 310
417 320
417 328
417 348
417 398
417 414
417 419
417 421
417 435
417 442
417 454
417 474
417 487
417 489
418 53
418 57
418 69
418 132
418 145
418 148
418 159
418 161
418 202
418 238
418 288
418 295
418 315
418 322
418 368
418 378
418 403
418 406
418 408
418 462
418 465
418 479
418 490
419 6
419 22
419 76
419 92
419 98
419 115
419 123
419 186
419 192
419 207
419 240
419 322
419 349
419 367
419 370
419 387
419 390
419 417
419 460
419 462
419 471
419 473
419 488
420 16
420 33
420 103
420 106
420 156
420 168
420 192
420 214
420 224
420 259
420 274
420 286
420 321
420 358
420 384
420 390
420 421
420 439
420 442
420 453
420 473
420 476
420 486
420 496
421 1
421 10
421 41
421 47
421 105
421 153
421 154
421 168
421 180
421 219
421 266
421 292
421 312
421 338
421 390
421 406
421 413
421 417
421 420
421 423
421 426
421 445
421 459
421 487
422 51
422 109
422 117
422 146
422 158
422 163
422 165
422 219
422 249
422 261
422 277
422 281
422 289
422 297
422 326
422 375
422 437
422 449
422 457
422 458
422 468
422 476
422 484
422 498
423 36
423 100
423 112
423 129
423 137
423 220
423 234
423 263
423 267
423 280
423 285
423 316
423 335
423 365
423 377
423 397
423 407
423 413
423 421
423 429
423 448
423 460
423 483
423 491
424 27
424 66
424 116
424 133
424 134
424 139
424 165
424 176
424 188
424 209
424 271
424 299
424 345
424 358
424 370
424 372
424 389
424 409
424 428
424 432
424 436
424 457
424 479
424 483
425 3
425 14
425 26
425 49
425 52
425 141
425 155
425 163
425 176
425 196
425 219
425 220
425 221
425 249
425 255
425 260
425 312
425 317
425 335
425 398
425 399
425 485
425 491
425 497
426 6
426 9
426 59
426 76
426 79
426 81
426 98
426 179
426 187
426 197
426 200
426 252
426 262
426 269
426 282
426 331
426 354
426 362
426 368
426 381
426 421
426 446
426 473
426 496
427 7
427 33
427 35
427 47
427 54
427 101
427 144
427 183
427 200
427 222
427 230
427 245
427 255
427 265
427 282
427 309
427 310
427 319
427 330
427 345
427 370
427 375
427 397
427 412
428 72
428 89
428 97
428 117
428 137
428 165
428 183
428 205
428 211
428 228
428 234
428 235
428 267
428 275
428 397
428 398
428 424
428 431
428 433
428 446
428 448
428 452
428 497
428 498
429 28
429 43
429 67
429 75
429 84
429 93
429 143
429 144
429 192
429 245
429 293
429 300
429 305
429 320
429 352
429 357
429 358
429 376
429 400
429 416
429 423
429 434
429 453
429 492
430 23
430 48
430 84
430 92
430 146
430 183
430 197
430 212
430 242
430 272
430 286
430 319
430 333
430 387
430 393
430 394
430 437
430 439
430 443
430 453
430 462
430 464
430 495
430 499
431 5
431 30
431 65
431 77
431 136
431 138
431 176
431 179
431 204
431 208
431 211
431 238
431 306
431 334
431 340
431 371
431 407
431 428
431 438
431 446
431 447
431 466
431 483
431 492
431 493
432 8
432 14
432 35
432 114
432 131
432 157
432 160
432 168
432 179
432 204
432 212
432 249
432 267
432 363
432 366
432 375
432 402
432 424
432 437
432 448
432 449
432 483
432 485
432 493
432 499
433 37
433 55
433 59
433 109
433 123
433 133
433 141
433 168
433 176
433 205
433 206
433 209
433 211
433 264
433 281
433 335
433 337
433 356
433 381
433 384
433 428
433 466
433 493
433 497
433 498
434 7
434 24
434 39
434 56
434 78
434 102
434 156
434 168
434 189
434 293
434 301
434 318
434 333
434 338
434 350
434 361
434 376
434 390
434 406
434 429
434 440
434 451
434 468
434 486
434 493
435 33
435 43
435 92
435 98
435 103
435 119
435 156
435 192
435 193
435 226
435 238
435 309
435 317
435 344
435 376
435 406
435 417
435 438
435 441
435 442
435 453
435 481
435 483
435 488
435 489
436 3
436 20
436 24
436 51
436 81
436 87
436 100
436 131
436 138
436 141
436 184
436 306
436 346
436 366
436 368
436 372
436 375
436 424
436 443
436 444
436 458
436 462
436 466
436 469
436 481
437 11
437 21
437 27
437 30
437 51
437 124
437 164
437 176
437 203
437 233
437 264
437 280
437 304
437 306
437 326
437 365
437 372
437 375
437 376
437 389
437 401
437 422
437 430
437 432
437 459
438 6
438 54
438 85
438 108
438 146
438 170
438 184
438 192
438 230
438 234
438 253
438 269
438 311
438 336
438 390
438 393
438 400
438 407
438 431
438 435
438 445
438 455
438 473
438 489
438 496
439 9
439 41
439 187
439 191
439 194
439 228
439 252
439 267
439 294
439 306
439 328
439 333
439 358
439 362
439 374
439 382
439 400
439 406
439 420
439 430
439 462
439 473
439 478
439 486
439 491
440 38
440 75
440 79
440 142
440 212
440 217
440 247
440 248
440 259
440 260
440 262
440 291
440 297
440 324
440 325
440 330
440 336
440 347
440 381
440 382
440 400
440 411
440 434
440 468
440 498
441 7
441 54
441 87
441 149
441 214
441 229
441 230
441 242
441 248
441 298
441 302
441 321
441 338
441 347
441 350
441 352
441 391
441 404
441 435
441 462
441 464
441 476
441 488
441 495
441 496
442 17
442 86
442 92
442 105
442 160
442 174
442 201
442 225
442 228
442 244
442 245
442 257
442 287
442 327
442 330
442 331
442 347
442 393
442 417
442 420
442 435
442 455
442 464
442 480
442 488
443 24
443 35
443 37
443 163
443 166
443 220
443 229
443 258
443 280
443 281
443 302
443 316
443 341
443 345
443 355
443 385
443 402
443 409
443 430
443 436
443 449
443 469
443 493
443 499
443 500
444 62
444 63
444 87
444 97
444 100
444 107
444 116
444 141
444 145
444 160
444 163
444 199
444 233
444 277
444 278
444 310
444 326
444 355
444 377
444 385
444 412
444 436
444 468
444 481
444 493
445 23
445 42
445 78
445 83
445 144
445 146
445 168
445 186
445 215
445 229
445 254
445 267
445 291
445 292
445 311
445 336
445 381
445 395
445 410
445 412
445 421
445 438
445 446
445 450
445 472
445 480
446 11
446 26
446 66
446 74
446 141
446 188
446 209
446 210
446 219
446 244
446 251
446 257
446 267
446 281
446 372
446 394
446 415
446 426
446 428
446 431
446 445
446 450
446 458
446 485
446 498
446 500
447 42
447 72
447 99
447 114
447 151
447 171
447 212
447 216
447 226
447 232
447 296
447 337
447 343
447 353
447 373
447 392
447 394
447 395
447 401
447 410
447 415
447 431
447 471
447 476
447 482
447 494
448 30
448 74
448 97
448 129
448 166
448 179
448 249
448 251
448 273
448 289
448 315
448 316
448 317
448 329
448 346
448 377
448 385
448 408
448 413
448 423
448 428
448 432
448 451
448 457
448 491
448 500
449 3
449 8
449 18
449 51
449 54
449 73
449 129
449 137
449 221
449 275
449 309
449 320
449 323
449 333
449 335
449 340
449 352
449 383
449 389
449 407
449 422
449 432
449 443
449 486
449 491
449 497
450 34
450 58
450 71
450 72
450 95
450 114
450 190
450 235
450 250
450 279
450 314
450 315
450 324
450 362
450 386
450 391
450 396
450 445
450 446
450 453
450 459
450 465
450 471
450 476
450 490
450 494
451 5
451 9
451 20
451 47
451 60
451 101
451 117
451 118
451 119
451 132
451 137
451 194
451 231
451 234
451 255
451 272
451 286
451 319
451 364
451 380
451 390
451 409
451 434
451 448
451 460
451 464
452 15
452 27
452 35
452 51
452 65
452 157
452 161
452 164
452 177
452 206
452 209
452 220
452 297
452 315
452 322
452 323
452 345
452 346
452 373
452 399
452 413
452 428
452 457
452 470
452 483
452 500
453 16
453 23
453 24
453 54
453 88
453 91
453 103
453 128
453 149
453 183
453 231
453 254
453 257
453 259
453 320
453 336
453 342
453 376
453 406
453 420
453 429
453 430
453 435
453 450
453 474
453 496
454 71
454 143
454 146
454 190
454 191
454 216
454 217
454 225
454 244
454 265
454 276
454 291
454 300
454 317
454 337
454 364
454 371
454 380
454 400
454 406
454 411
454 417
454 459
454 475
454 477
454 478
455 42
455 71
455 87
455 152
455 153
455 156
455 200
455 225
455 292
455 293
455 309
455 311
455 327
455 363
455 369
455 381
455 382
455 385
455 386
455 393
455 411
455 438
455 442
455 461
455 477
455 487
455 495
456 1
456 25
456 32
456 39
456 45
456 91
456 99
456 150
456 153
456 201
456 213
456 227
456 253
456 283
456 301
456 314
456 329
456 332
456 392
456 394
456 395
456 404
456 407
456 463
456 479
456 492
456 499
457 11
457 24
457 51
457 65
457 89
457 131
457 155
457 160
457 167
457 179
457 181
457 204
457 205
457 270
457 334
457 365
457 373
457 400
457 422
457 424
457 448
457 452
457 458
457 460
457 472
457 483
457 493
458 30
458 36
458 62
458 137
458 141
458 167
458 246
458 263
458 274
458 289
458 290
458 335
458 341
458 400
458 407
458 422
458 436
458 446
458 457
458 462
458 466
458 470
458 478
458 481
458 487
458 490
458 497
459 49
459 90
459 94
459 96
459 171
459 193
459 214
459 224
459 232
459 298
459 299
459 313
459 329
459 356
459 361
459 368
459 374
459 401
459 405
459 421
459 437
459 450
459 454
459 463
459 478
459 494
459 499
460 92
460 98
460 128
460 230
460 231
460 239
460 240
460 260
460 327
460 331
460 349
460 356
460 358
460 380
460 383
460 390
460 409
460 419
460 423
460 451
460 457
460 464
460 472
460 473
460 475
460 486
460 496
461 2
461 40
461 93
461 101
461 119
461 123
461 146
461 154
461 175
461 190
461 191
461 200
461 205
461 207
461 225
461 226
461 234
461 269
461 285
461 300
461 307
461 380
461 393
461 409
461 455
461 474
461 475
462 7
462 15
462 22
462 41
462 98
462 108
462 143
462 178
462 215
462 226
462 259
462 262
462 292
462 294
462 313
462 349
462 358
462 382
462 387
462 418
462 419
462 430
462 436
462 439
462 441
462 458
462 498
463 12
463 26
463 31
463 49
463 66
463 124
463 132
463 142
463 181
463 185
463 198
463 229
463 296
463 301
463 307
463 314
463 339
463 351
463 353
463 379
463 380
463 391
463 456
463 459
463 467
463 478
463 490
463 494
464 7
464 45
464 75
464 81
464 110
464 112
464 128
464 149
464 151
464 154
464 197
464 204
464 230
464 261
464 262
464 265
464 311
464 371
464 384
464 390
464 430
464 441
464 442
464 451
464 460
464 468
464 476
464 489
465 31
465 68
465 80
465 95
465 99
465 125
465 149
465 227
465 232
465 248
465 273
465 284
465 290
465 302
465 327
465 339
465 356
465 374
465 386
465 388
465 392
465 404
465 407
465 416
465 418
465 450
465 467
465 482
466 8
466 18
466 34
466 65
466 129
466 166
466 167
466 211
466 233
466 259
466 275
466 281
466 302
466 306
466 309
466 316
466 321
466 322
466 335
466 366
466 386
466 389
466 398
466 431
466 433
466 436
466 458
466 473
467 19
467 90
467 96
467 114
467 120
467 121
467 131
467 132
467 140
467 152
467 171
467 187
467 208
467 236
467 247
467 253
467 254
467 283
467 295
467 335
467 356
467 368
467 401
467 405
467 463
467 465
467 482
467 494
468 1
468 67
468 81
468 93
468 102
468 105
468 146
468 194
468 229
468 244
468 245
468 318
468 324
468 326
468 347
468 350
468 361
468 362
468 380
468 409
468 422
468 434
468 440
468 444
468 464
468 473
468 477
468 489
469 50
469 52
469 55
469 63
469 129
469 187
469 189
469 210
469 251
469 264
469 285
469 289
469 297
469 302
469 316
469 322
469 341
469 345
469 347
469 365
469 375
469 402
469 408
469 413
469 415
469 436
469 443
469 485
469 498
470 3
470 35
470 47
470 123
470 127
470 130
470 138
470 172
470 233
470 243
470 260
470 261
470 266
470 271
470 278
470 280
470 302
470 306
470 322
470 334
470 375
470 386
470 407
470 452
470 458
470 477
470 483
470 492
470 497
471 19
471 31
471 133
471 154
471 171
471 177
471 196
471 224
471 227
471 235
471 250
471 252
471 279
471 282
471 301
471 304
471 324
471 363
471 374
471 386
471 392
471 401
471 408
471 414
471 419
471 447
471 450
471 479
471 489
472 44
472 54
472 103
472 145
472 161
472 169
472 180
472 191
472 207
472 213
472 215
472 229
472 248
472 293
472 294
472 309
472 310
472 311
472 349
472 360
472 370
472 382
472 390
472 445
472 457
472 460
472 475
472 480
472 495
473 9
473 17
473 43
473 68
473 76
473 83
473 122
473 127
473 153
473 175
473 207
473 223
473 229
473 252
473 254
473 272
473 281
473 384
473 419
473 420
473 426
473 438
473 439
473 460
473 466
473 468
473 486
473 487
473 494
474 4
474 20
474 74
474 145
474 149
474 154
474 156
474 173
474 189
474 191
474 214
474 217
474 228
474 236
474 283
474 286
474 294
474 318
474 320
474 325
474 328
474 336
474 352
474 401
474 411
474 417
474 453
474 461
474 485
475 1
475 84
475 96
475 100
475 108
475 128
475 135
475 136
475 180
475 182
475 184
475 186
475 237
475 252
475 258
475 266
475 286
475 291
475 304
475 318
475 333
475 382
475 454
475 460
475 461
475 472
475 477
475 486
475 487
476 64
476 96
476 125
476 150
476 159
476 161
476 170
476 177
476 195
476 213
476 243
476 270
476 273
476 298
476 304
476 329
476 342
476 344
476 359
476 392
476 394
476 420
476 422
476 441
476 447
476 450
476 464
476 477
476 478
476 484
477 31
477 67
477 78
477 86
477 94
477 103
477 115
477 119
477 178
477 182
477 187
477 193
477 214
477 217
477 219
477 258
477 276
477 305
477 328
477 330
477 334
477 347
477 371
477 380
477 454
477 455
477 468
477 470
477 475
477 476
478 13
478 28
478 29
478 31
478 45
478 69
478 90
478 95
478 130
478 140
478 142
478 159
478 209
478 222
478 257
478 268
478 295
478 307
478 353
478 360
478 408
478 414
478 416
478 439
478 454
478 458
478 459
478 463
478 476
478 481
479 34
479 38
479 69
479 95
479 106
479 107
479 128
479 145
479 217
479 243
479 250
479 268
479 279
479 312
479 314
479 315
479 329
479 348
479 356
479 359
479 374
479 379
479 388
479 392
479 414
479 418
479 424
479 456
479 471
479 484
480 22
480 52
480 71
480 105
480 110
480 113
480 118
480 148
480 182
480 183
480 189
480 191
480 194
480 248
480 258
480 272
480 298
480 312
480 366
480 367
480 370
480 374
480 387
480 390
480 391
480 393
480 442
480 445
480 472
480 496
481 13
481 36
481 37
481 123
481 161
481 165
481 167
481 203
481 219
481 246
481 252
481 263
481 274
481 275
481 277
481 279
481 281
481 302
481 334
481 366
481 383
481 399
481 407
481 435
481 436
481 444
481 458
481 478
481 491
481 493
482 29
482 54
482 92
482 95
482 140
482 150
482 218
482 223
482 253
482 273
482 287
482 290
482 304
482 313
482 314
482 324
482 327
482 330
482 339
482 361
482 373
482 378
482 388
482 391
482 397
482 398
482 416
482 447
482 465
482 467
483 59
483 107
483 127
483 133
483 179
483 188
483 220
483 248
483 249
483 251
483 264
483 277
483 278
483 298
483 355
483 366
483 385
483 402
483 413
483 416
483 423
483 424
483 431
483 432
483 435
483 452
483 457
483 470
483 489
483 496
483 497
484 6
484 12
484 39
484 45
484 84
484 94
484 124
484 150
484 158
484 170
484 190
484 192
484 196
484 202
484 227
484 247
484 250
484 256
484 273
484 286
484 307
484 359
484 360
484 388
484 391
484 394
484 422
484 476
484 479
484 485
484 490
485 11
485 14
485 30
485 37
485 46
485 67
485 134
485 139
485 163
485 205
485 210
485 277
485 289
485 302
485 323
485 331
485 382
485 385
485 399
485 407
485 410
485 425
485 432
485 446
485 469
485 474
485 484
485 491
485 493
485 497
485 499
486 41
486 47
486 124
486 152
486 153
486 163
486 189
486 194
486 197
486 212
486 244
486 245
486 258
486 264
486 284
486 305
486 312
486 318
486 328
486 362
486 376
486 381
486 408
486 411
486 420
486 434
486 439
486 449
486 460
486 473
486 475
487 1
487 3
487 6
487 17
487 85
487 104
487 144
487 215
487 248
487 305
487 319
487 330
487 337
487 340
487 344
487 349
487 350
487 357
487 362
487 400
487 402
487 406
487 411
487 417
487 421
487 455
487 458
487 473
487 475
487 489
487 499
488 17
488 20
488 38
488 60
488 72
488 81
488 83
488 102
488 107
488 113
488 115
488 122
488 135
488 211
488 230
488 237
488 240
488 243
488 265
488 289
488 328
488 331
488 336
488 370
488 406
488 409
488 416
488 419
488 435
488 441
488 442
489 33
489 71
489 88
489 102
489 168
489 180
489 183
489 187
489 193
489 205
489 207
489 221
489 236
489 270
489 327
489 328
489 333
489 362
489 370
489 384
489 412
489 417
489 435
489 438
489 464
489 468
489 471
489 483
489 487
489 496
489 497
490 28
490 90
490 91
490 96
490 108
490 111
490 125
490 159
490 170
490 177
490 185
490 198
490 208
490 224
490 240
490 268
490 283
490 298
490 303
490 353
490 354
490 367
490 398
490 406
490 412
490 418
490 450
490 458
490 463
490 484
490 494
491 14
491 47
491 85
491 104
491 131
491 138
491 206
491 209
491 233
491 246
491 251
491 261
491 267
491 273
491 277
491 289
491 297
491 310
491 326
491 345
491 353
491 375
491 397
491 415
491 423
491 425
491 439
491 448
491 449
491 481
491 485
492 46
492 51
492 59
492 73
492 77
492 131
492 134
492 157
492 164
492 166
492 174
492 206
492 221
492 238
492 254
492 267
492 278
492 302
492 319
492 355
492 358
492 366
492 398
492 403
492 413
492 429
492 431
492 456
492 470
492 498
492 500
493 3
493 62
493 63
493 64
493 109
493 119
493 127
493 157
493 173
493 188
493 220
493 238
493 246
493 265
493 271
493 281
493 302
493 331
493 377
493 378
493 397
493 415
493 431
493 432
493 433
493 434
493 443
493 444
493 457
493 481
493 485
494 12
494 17
494 18
494 53
494 95
494 125
494 161
494 190
494 196
494 235
494 239
494 240
494 270
494 284
494 288
494 301
494 314
494 339
494 342
494 343
494 362
494 392
494 403
494 447
494 450
494 459
494 463
494 467
494 473
494 490
494 496
495 11
495 42
495 61
495 70
495 79
495 81
495 83
495 93
495 102
495 122
495 138
495 148
495 152
495 192
495 214
495 220
495 225
495 228
495 229
495 272
495 305
495 338
495 352
495 357
495 387
495 411
495 415
495 430
495 441
495 455
495 472
496 4
496 6
496 10
496 16
496 60
496 75
496 101
496 157
496 175
496 244
496 260
496 264
496 276
496 288
496 295
496 312
496 321
496 337
496 347
496 367
496 384
496 420
496 426
496 438
496 441
496 453
496 460
496 480
496 483
496 489
496 494
497 21
497 90
497 109
497 110
497 127
497 155
497 160
497 164
497 172
497 174
497 176
497 200
497 211
497 238
497 249
497 287
497 306
497 323
497 327
497 366
497 375
497 425
497 428
497 433
497 449
497 458
497 470
497 483
497 485
497 489
497 500
498 18
498 26
498 64
498 77
498 87
498 100
498 117
498 124
498 126
498 139
498 173
498 174
498 181
498 196
498 203
498 206
498 219
498 220
498 261
498 289
498 319
498 323
498 350
498 365
498 422
498 428
498 433
498 440
498 446
498 462
498 469
498 492
499 29
499 69
499 80
499 87
499 96
499 106
499 130
499 143
499 147
499 151
499 169
499 170
499 177
499 196
499 199
499 237
499 257
499 268
499 284
499 287
499 307
499 314
499 342
499 368
499 391
499 430
499 432
499 443
499 456
499 459
499 485
499 487
500 8
500 11
500 14
500 62
500 85
500 87
500 88
500 89
500 99
500 136
500 142
500 156
500 160
500 173
500 233
500 250
500 266
500 285
500 293
500 306
500 317
500 341
500 346
500 375
500 383
500 399
500 443
500 446
500 448
500 452
500 492
500 497
