1 6
1 16
1 33
1 88
1 98
1 110
1 152
1 364
1 385
1 394
2 78
2 88
2 214
2 252
2 258
2 260
2 265
2 286
2 330
2 334
2 394
2 427
2 429
2 434
2 435
2 439
2 445
2 480
3 6
3 30
3 117
3 124
3 157
3 163
3 316
3 397
3 436
3 487
4 5
4 23
4 77
4 212
4 289
4 300
4 312
4 347
4 460
4 496
5 4
5 93
5 103
5 119
5 144
5 175
5 192
5 312
5 328
5 334
5 336
5 431
6 1
6 3
6 60
6 98
6 152
6 242
6 248
6 262
6 334
6 409
7 8
7 75
7 81
7 104
7 229
7 264
7 293
7 310
7 319
7 338
7 350
7 357
7 358
7 380
7 393
7 417
7 441
7 455
7 462
7 474
7 487
8 7
8 9
8 36
8 137
8 138
8 139
8 176
8 326
8 424
8 449
9 8
9 83
9 244
9 264
9 286
9 330
9 349
9 387
9 426
9 473
10 12
10 41
10 86
10 143
10 173
10 200
10 207
10 217
10 226
10 230
10 264
11 12
11 13
11 59
11 65
11 129
11 163
11 263
11 322
11 334
11 341
11 365
11 398
11 407
11 446
12 10
12 11
12 13
12 32
12 69
12 72
12 140
12 162
12 177
12 257
13 11
13 12
13 14
13 28
13 69
13 159
13 162
13 378
13 478
13 479
14 13
14 16
14 27
14 63
14 64
14 97
14 340
14 355
14 432
14 491
15 16
15 40
15 53
15 94
15 114
15 162
15 198
15 239
15 243
15 290
15 361
15 378
15 388
15 391
15 392
15 403
15 405
15 410
15 414
15 456
15 459
15 462
15 465
15 471
15 490
15 499
16 1
16 14
16 15
16 98
16 110
16 118
16 152
16 173
16 248
16 252
17 19
17 54
17 79
17 156
17 222
17 236
17 245
17 438
17 442
17 494
18 19
18 52
18 107
18 209
18 238
18 261
18 278
18 317
18 346
18 491
18 494
19 17
19 18
19 29
19 125
19 247
19 288
19 313
19 351
19 465
19 476
20 24
20 84
20 186
20 191
20 259
20 321
20 328
20 331
20 334
20 349
21 22
21 52
21 87
21 107
21 116
21 164
21 211
21 233
21 289
21 384
22 21
22 24
22 47
22 60
22 105
22 122
22 192
22 242
22 400
22 480
23 4
23 77
23 78
23 148
23 180
23 212
23 289
23 312
23 371
23 496
24 20
24 22
24 107
24 134
24 160
24 174
24 205
24 209
24 238
24 251
24 422
25 27
25 47
25 105
25 168
25 194
25 292
25 338
25 400
25 406
25 456
26 51
26 89
26 131
26 172
26 181
26 183
26 201
26 220
26 306
26 397
27 14
27 25
27 28
27 37
27 63
27 65
27 157
27 163
27 204
27 437
28 13
28 27
28 69
28 77
28 91
28 114
28 121
28 170
28 314
28 324
29 19
29 30
29 96
29 111
29 125
29 282
29 329
29 368
29 450
29 484
30 3
30 29
30 66
30 117
30 157
30 282
30 289
30 316
30 397
30 437
31 34
31 49
31 50
31 58
31 192
31 195
31 273
31 322
31 465
31 471
32 12
32 39
32 43
32 84
32 99
32 151
32 158
32 314
32 329
32 369
32 373
32 374
32 388
32 405
33 1
33 34
33 98
33 110
33 152
33 248
33 262
33 282
33 385
33 435
34 31
34 33
34 49
34 50
34 192
34 235
34 237
34 273
34 283
34 471
35 38
35 64
35 137
35 139
35 192
35 322
35 355
35 428
35 443
35 466
36 8
36 126
36 138
36 272
36 277
36 326
36 415
36 424
36 458
36 481
37 27
37 131
37 172
37 181
37 189
37 207
37 220
37 249
37 266
37 345
37 375
37 397
37 413
37 449
38 35
38 39
38 92
38 93
38 101
38 113
38 118
38 149
38 240
38 440
38 488
39 32
39 38
39 49
39 53
39 158
39 288
39 295
39 297
39 299
39 304
39 307
39 360
39 396
39 408
39 410
39 450
39 463
39 484
39 490
39 494
40 15
40 94
40 163
40 196
40 199
40 223
40 253
40 256
40 332
40 348
40 353
40 361
40 374
40 401
40 414
40 416
40 456
40 461
40 463
40 478
40 490
40 494
40 499
41 10
41 86
41 119
41 163
41 187
41 207
41 215
41 217
41 224
41 226
41 230
42 44
42 45
42 79
42 186
42 194
42 197
42 225
42 337
42 447
42 495
43 32
43 70
43 78
43 189
43 194
43 197
43 293
43 305
43 310
43 327
43 384
43 409
43 441
44 42
44 45
44 110
44 224
44 225
44 226
44 254
44 269
44 311
44 364
44 472
45 42
45 44
45 69
45 239
45 253
45 256
45 290
45 303
45 304
45 353
45 363
45 367
45 369
45 405
45 408
45 456
45 459
46 47
46 48
46 65
46 109
46 116
46 129
46 267
46 398
46 485
46 500
47 22
47 25
47 46
47 48
47 105
47 168
47 282
47 420
47 421
47 427
48 46
48 47
48 82
48 95
48 125
48 147
48 253
48 359
48 388
48 476
49 31
49 34
49 39
49 50
49 127
49 175
49 250
49 283
49 391
49 471
50 31
50 34
50 49
50 54
50 159
50 175
50 177
50 257
50 354
50 479
51 26
51 56
51 59
51 165
51 243
51 255
51 275
51 365
51 444
51 457
52 18
52 21
52 53
52 60
52 123
52 233
52 281
52 346
52 413
52 491
53 15
53 39
53 52
53 60
53 80
53 94
53 96
53 198
53 239
53 256
53 315
53 348
53 360
53 363
53 367
53 369
53 373
53 374
53 386
53 418
53 456
53 465
53 471
53 490
53 494
53 499
54 17
54 50
54 56
54 67
54 300
54 347
54 449
54 460
54 472
54 496
55 65
55 67
55 100
55 155
55 210
55 220
55 267
55 275
55 280
55 311
55 316
55 322
55 345
55 366
55 399
55 402
55 432
55 433
55 436
55 469
55 470
55 481
55 485
55 492
55 493
55 497
55 498
56 51
56 54
56 102
56 115
56 135
56 153
56 184
56 243
56 252
56 376
57 71
57 120
57 132
57 171
57 202
57 208
57 310
57 395
57 396
57 418
58 31
58 71
58 72
58 145
58 199
58 202
58 298
58 311
58 356
58 482
59 11
59 51
59 61
59 81
59 129
59 131
59 165
59 263
59 274
59 275
59 306
59 365
59 366
59 389
59 398
59 407
59 443
60 6
60 22
60 52
60 53
60 86
60 192
60 200
60 242
60 328
60 400
60 442
61 59
61 68
61 81
61 91
61 95
61 132
61 185
61 199
61 227
61 253
61 401
62 64
62 75
62 81
62 97
62 264
62 271
62 277
62 355
62 372
62 493
63 14
63 27
63 76
63 164
63 209
63 221
63 238
63 251
63 317
63 323
63 333
63 389
63 422
63 432
63 443
63 452
63 469
63 491
63 492
63 493
63 498
64 14
64 35
64 62
64 75
64 76
64 155
64 340
64 355
64 466
64 493
64 498
65 11
65 27
65 46
65 55
65 174
65 211
65 266
65 267
65 335
65 356
65 375
65 399
65 449
65 457
65 458
65 460
65 469
65 470
65 485
65 489
65 492
66 30
66 68
66 78
66 117
66 157
66 163
66 206
66 316
66 397
66 398
66 415
67 54
67 55
67 76
67 78
67 115
67 135
67 153
67 222
67 412
67 477
67 485
68 61
68 66
68 78
68 82
68 120
68 185
68 190
68 196
68 227
68 332
68 374
69 12
69 13
69 28
69 45
69 83
69 159
69 162
69 177
69 305
69 342
69 478
70 43
70 94
70 114
70 140
70 142
70 314
70 332
70 339
70 344
70 392
70 415
70 416
71 57
71 58
71 84
71 104
71 122
71 168
71 191
71 214
71 241
71 352
71 380
71 409
71 417
71 445
71 451
71 454
71 461
71 468
72 12
72 58
72 84
72 86
72 185
72 202
72 270
72 324
72 329
72 360
72 405
73 74
73 104
73 141
73 174
73 176
73 181
73 203
73 204
73 287
73 377
73 448
74 73
74 85
74 86
74 97
74 104
74 137
74 139
74 176
74 204
74 277
74 415
75 7
75 62
75 64
75 81
75 122
75 183
75 228
75 241
75 291
75 318
75 333
75 357
75 376
75 381
75 430
75 434
75 445
75 451
75 464
75 473
75 474
75 480
76 63
76 64
76 67
76 83
76 86
76 135
76 153
76 183
76 207
76 212
76 390
76 426
77 4
77 23
77 28
77 126
77 129
77 131
77 165
77 204
77 261
77 277
77 281
77 297
77 302
77 323
77 444
77 452
78 2
78 23
78 43
78 66
78 67
78 68
78 102
78 135
78 153
78 212
78 325
78 384
78 406
78 477
79 17
79 42
79 83
79 111
79 113
79 121
79 149
79 156
79 212
79 318
79 426
80 53
80 99
80 209
80 215
80 290
80 299
80 301
80 304
80 313
80 329
80 342
80 369
80 405
80 418
80 465
80 499
81 7
81 59
81 61
81 62
81 75
81 84
81 104
81 122
81 178
81 241
81 358
81 376
81 421
81 430
81 440
81 441
81 445
81 451
81 455
81 461
81 472
81 473
81 475
81 477
81 480
81 486
81 489
82 48
82 68
82 88
82 104
82 169
82 218
82 279
82 315
82 388
82 401
82 405
83 9
83 69
83 76
83 79
83 88
83 183
83 363
83 445
83 473
83 495
84 20
84 32
84 71
84 72
84 81
84 122
84 144
84 146
84 178
84 272
84 291
84 319
84 331
84 333
84 419
84 426
84 429
84 430
84 473
84 475
84 486
84 488
84 489
84 495
85 74
85 88
85 97
85 137
85 139
85 141
85 176
85 204
85 264
85 280
85 487
86 10
86 41
86 60
86 72
86 74
86 76
86 108
86 148
86 156
86 187
86 245
87 21
87 123
87 160
87 233
87 261
87 281
87 353
87 354
87 387
87 413
87 444
88 1
88 2
88 82
88 83
88 85
88 98
88 183
88 244
88 258
88 330
89 26
89 92
89 98
89 107
89 123
89 134
89 160
89 238
89 261
89 278
89 407
90 93
90 94
90 132
90 151
90 170
90 218
90 237
90 239
90 243
90 268
90 295
90 307
90 348
90 359
90 390
90 414
90 456
90 463
90 478
91 28
91 61
91 102
91 125
91 159
91 162
91 185
91 227
91 324
91 394
91 453
92 38
92 89
92 93
92 101
92 118
92 240
92 311
92 332
92 364
92 381
92 419
93 5
93 38
93 90
93 92
93 118
93 188
93 240
93 292
93 311
93 327
93 349
93 468
93 495
94 15
94 40
94 53
94 70
94 90
94 101
94 102
94 162
94 198
94 243
94 250
94 290
94 348
94 353
94 361
94 378
94 403
94 414
94 416
94 463
94 465
94 471
94 484
94 490
94 494
94 499
95 48
95 61
95 142
95 185
95 227
95 244
95 253
95 281
95 332
95 388
95 479
96 29
96 53
96 105
96 130
96 150
96 290
96 298
96 391
96 403
96 459
96 475
96 490
96 499
97 14
97 62
97 74
97 85
97 108
97 204
97 223
97 277
97 280
97 428
97 444
98 1
98 6
98 16
98 33
98 88
98 89
98 188
98 192
98 248
98 364
98 426
99 32
99 80
99 120
99 259
99 270
99 279
99 283
99 287
99 288
99 290
99 296
99 301
99 351
99 400
100 55
100 129
100 210
100 259
100 341
100 375
100 377
100 389
100 397
100 422
100 431
100 433
100 437
100 443
100 448
100 449
100 452
100 457
100 458
100 469
100 470
100 475
100 481
100 485
100 492
100 493
100 497
101 38
101 92
101 94
101 149
101 188
101 217
101 244
101 254
101 371
101 387
101 451
102 56
102 78
102 91
102 94
102 154
102 300
102 312
102 347
102 404
102 462
102 468
103 5
103 119
103 144
103 155
103 175
103 180
103 186
103 192
103 193
103 222
103 328
103 340
103 477
104 7
104 71
104 73
104 74
104 81
104 82
104 178
104 214
104 230
104 260
104 265
104 272
104 293
104 309
104 352
104 362
104 376
104 427
104 439
104 461
104 473
104 477
104 488
105 22
105 25
105 47
105 96
105 113
105 168
105 200
105 223
105 384
105 453
105 468
106 113
106 121
106 130
106 147
106 151
106 190
106 202
106 243
106 259
106 268
106 367
107 18
107 21
107 24
107 89
107 113
107 123
107 233
107 346
107 377
107 488
108 86
108 97
108 154
108 156
108 175
108 236
108 245
108 303
108 438
108 442
108 462
109 46
109 112
109 116
109 211
109 264
109 267
109 353
109 354
109 383
109 387
109 422
110 1
110 16
110 33
110 44
110 113
110 126
110 152
110 248
110 269
110 344
110 354
111 29
111 79
111 122
111 196
111 226
111 247
111 288
111 308
111 313
111 403
111 476
112 109
112 115
112 127
112 160
112 166
112 188
112 274
112 278
112 340
112 372
112 464
113 38
113 79
113 105
113 106
113 107
113 110
113 149
113 152
113 258
113 272
113 480
113 488
114 15
114 28
114 70
114 117
114 257
114 314
114 344
114 351
114 395
114 406
114 447
115 56
115 67
115 112
115 117
115 258
115 300
115 330
115 387
115 464
115 477
115 488
116 21
116 46
116 109
116 144
116 155
116 211
116 233
116 330
116 346
116 353
116 385
117 3
117 30
117 66
117 114
117 115
117 124
117 157
117 219
117 289
117 422
117 483
117 498
118 16
118 38
118 92
118 93
118 149
118 252
118 254
118 287
118 307
118 322
118 420
118 451
119 5
119 41
119 103
119 120
119 173
119 186
119 327
119 331
119 336
119 435
119 461
119 493
120 57
120 68
120 99
120 119
120 129
120 140
120 151
120 243
120 279
120 339
120 363
120 369
120 416
120 418
121 28
121 79
121 106
121 125
121 130
121 131
121 150
121 199
121 201
121 213
121 224
121 235
122 22
122 71
122 75
122 81
122 84
122 111
122 131
122 178
122 183
122 191
122 269
122 286
122 318
122 350
122 358
122 370
122 371
122 393
122 417
122 477
122 486
122 487
122 489
123 52
123 87
123 89
123 107
123 164
123 210
123 226
123 238
123 278
123 461
123 470
123 491
124 3
124 117
124 126
124 144
124 167
124 179
124 330
124 344
124 366
124 383
124 446
124 498
125 19
125 29
125 48
125 91
125 121
125 128
125 133
125 213
125 290
125 391
125 416
125 450
126 36
126 77
126 110
126 124
126 137
126 322
126 330
126 334
126 344
126 402
126 448
126 498
127 49
127 112
127 175
127 285
127 317
127 334
127 340
127 346
127 372
127 398
127 399
127 413
127 422
127 436
127 457
127 458
127 473
128 125
128 133
128 212
128 269
128 276
128 282
128 291
128 300
128 321
128 331
128 338
128 357
128 371
128 376
128 380
128 381
128 393
128 455
128 464
128 474
128 487
128 489
129 11
129 46
129 59
129 77
129 100
129 120
129 163
129 165
129 226
129 334
129 365
129 389
129 398
129 432
129 437
129 443
129 444
129 457
129 493
130 96
130 106
130 121
130 134
130 150
130 158
130 208
130 213
130 373
130 391
130 392
130 470
131 26
131 37
131 59
131 77
131 121
131 122
131 165
131 221
131 246
131 302
131 317
131 341
131 365
131 423
131 452
132 57
132 61
132 90
132 134
132 171
132 190
132 268
132 303
132 369
132 395
132 451
132 463
133 125
133 128
133 134
133 136
133 160
133 166
133 167
133 188
133 205
133 206
133 423
133 424
134 24
134 89
134 130
134 132
134 133
134 136
134 164
134 179
134 206
134 365
134 399
134 446
135 56
135 67
135 76
135 78
135 183
135 199
135 202
135 300
135 380
135 392
135 496
136 133
136 134
136 140
136 143
136 167
136 172
136 188
136 205
136 206
136 264
136 399
136 500
137 8
137 35
137 74
137 85
137 126
137 138
137 146
137 149
137 204
137 280
137 326
137 343
138 8
138 36
138 137
138 139
138 176
138 294
138 325
138 326
138 400
138 424
138 431
139 8
139 35
139 74
139 85
139 138
139 142
139 154
139 156
139 204
139 280
139 323
139 326
140 12
140 70
140 120
140 136
140 143
140 190
140 196
140 303
140 348
140 354
140 374
140 379
141 73
141 85
141 149
141 154
141 156
141 172
141 280
141 323
141 377
141 385
141 415
141 425
142 70
142 95
142 139
142 147
142 154
142 156
142 199
142 218
142 227
142 253
142 303
142 401
143 10
143 136
143 140
143 148
143 207
143 215
143 230
143 231
143 357
143 390
143 440
143 462
144 5
144 84
144 103
144 116
144 124
144 191
144 282
144 327
144 331
144 337
144 344
144 371
144 462
144 487
145 58
145 157
145 159
145 173
145 177
145 195
145 257
145 273
145 298
145 308
145 472
145 479
146 84
146 137
146 182
146 191
146 212
146 234
146 282
146 291
146 321
146 331
146 336
146 337
146 343
146 362
146 422
147 48
147 106
147 142
147 148
147 152
147 199
147 227
147 243
147 303
147 332
147 401
148 23
148 86
148 143
148 147
148 150
148 156
148 228
148 371
148 387
148 438
148 442
149 38
149 79
149 101
149 113
149 118
149 137
149 141
149 240
149 258
149 272
149 343
149 474
150 96
150 121
150 130
150 148
150 152
150 208
150 213
150 290
150 373
150 391
150 392
150 456
151 32
151 90
151 106
151 120
151 153
151 168
151 190
151 196
151 268
151 284
151 374
151 447
152 1
152 6
152 16
152 33
152 110
152 113
152 147
152 150
152 248
152 371
152 486
153 56
153 67
153 76
153 78
153 151
153 175
153 212
153 294
153 455
153 456
153 473
153 486
154 102
154 108
154 139
154 141
154 142
154 180
154 182
154 187
154 193
154 215
154 217
154 265
154 320
154 421
155 55
155 64
155 103
155 116
155 178
155 204
155 249
155 263
155 271
155 335
155 340
155 372
155 425
155 449
155 457
155 458
155 469
155 470
155 485
155 492
155 497
155 498
156 17
156 79
156 86
156 108
156 139
156 141
156 142
156 148
156 347
156 438
156 442
156 460
157 3
157 27
157 30
157 66
157 117
157 145
157 163
157 173
157 285
157 432
157 452
157 496
158 32
158 39
158 130
158 173
158 184
158 187
158 253
158 290
158 314
158 324
158 360
158 367
158 373
158 395
158 396
158 408
158 410
159 13
159 50
159 69
159 91
159 145
159 160
159 180
159 201
159 273
159 283
159 478
159 490
160 24
160 87
160 89
160 112
160 133
160 159
160 164
160 180
160 206
160 209
160 399
160 444
161 169
161 187
161 195
161 201
161 212
161 232
161 235
161 270
161 296
161 369
161 405
161 481
162 12
162 13
162 15
162 69
162 91
162 94
162 170
162 177
162 184
162 187
162 212
162 216
162 239
162 257
162 295
162 348
162 359
162 405
162 456
162 459
162 499
163 3
163 11
163 27
163 40
163 41
163 66
163 129
163 157
163 210
163 241
163 263
163 334
163 366
163 402
163 422
163 425
163 431
163 433
163 469
163 470
163 492
163 497
163 498
164 21
164 63
164 123
164 134
164 160
164 166
164 169
164 228
164 229
164 233
164 274
164 497
165 51
165 59
165 77
165 129
165 131
165 174
165 217
165 218
165 220
165 274
165 306
165 389
165 397
165 398
165 411
165 432
165 437
165 443
165 481
165 492
165 497
165 498
166 112
166 133
166 164
166 172
166 181
166 186
166 206
166 209
166 324
166 345
166 399
166 448
167 124
167 133
167 136
167 170
167 174
167 179
167 193
167 205
167 206
167 306
167 446
167 483
168 25
168 47
168 71
168 105
168 151
168 340
168 371
168 411
168 420
168 434
168 453
168 489
169 82
169 161
169 164
169 201
169 228
169 229
169 283
169 288
169 344
169 354
169 405
169 408
170 28
170 90
170 162
170 167
170 193
170 247
170 295
170 308
170 343
170 359
170 360
170 388
170 391
170 392
170 414
171 57
171 132
171 172
171 194
171 195
171 202
171 213
171 232
171 270
171 296
171 348
171 367
171 369
172 26
172 37
172 136
172 141
172 166
172 171
172 194
172 203
172 219
172 345
172 436
172 470
172 483
173 10
173 16
173 119
173 145
173 157
173 158
173 187
173 207
173 222
173 240
173 364
173 380
173 390
174 24
174 65
174 73
174 165
174 167
174 179
174 257
174 260
174 262
174 280
174 383
174 446
174 497
175 5
175 49
175 50
175 103
175 108
175 127
175 153
175 186
175 197
175 215
175 321
175 327
175 440
176 8
176 73
176 74
176 85
176 138
176 212
176 228
176 229
176 323
176 377
176 431
176 437
176 466
177 12
177 50
177 69
177 145
177 162
177 199
177 218
177 230
177 410
177 429
177 452
177 471
177 490
178 81
178 84
178 104
178 122
178 155
178 191
178 214
178 228
178 241
178 338
178 340
178 347
178 393
178 409
178 417
178 441
178 454
178 461
178 468
178 474
178 487
179 124
179 134
179 167
179 174
179 205
179 255
179 285
179 294
179 382
179 383
179 426
179 432
179 483
180 23
180 103
180 154
180 159
180 160
180 225
180 259
180 262
180 265
180 269
180 349
180 475
180 489
181 26
181 37
181 73
181 166
181 195
181 197
181 203
181 251
181 297
181 302
181 345
181 385
181 413
182 146
182 154
182 225
182 234
182 244
182 259
182 262
182 265
182 279
182 287
182 312
182 349
182 363
182 382
182 475
183 26
183 75
183 76
183 83
183 88
183 122
183 135
183 228
183 229
183 246
183 291
183 430
183 489
184 56
184 158
184 162
184 240
184 259
184 312
184 347
184 417
184 436
184 438
184 475
185 61
185 68
185 72
185 91
185 95
185 208
185 230
185 231
185 253
185 303
185 401
185 429
185 490
186 20
186 42
186 103
186 119
186 166
186 175
186 246
186 272
186 328
186 336
186 382
186 445
186 468
187 41
187 86
187 154
187 158
187 161
187 162
187 173
187 207
187 217
187 226
187 236
187 390
187 489
188 93
188 98
188 101
188 112
188 133
188 136
188 206
188 264
188 316
188 341
188 399
188 424
188 448
189 37
189 43
189 200
189 208
189 226
189 229
189 230
189 231
189 236
189 242
189 252
189 406
189 427
190 68
190 106
190 132
190 140
190 151
190 230
190 231
190 239
190 339
190 374
190 416
190 429
190 450
191 20
191 71
191 122
191 144
191 146
191 178
191 259
191 276
191 322
191 331
191 333
191 336
191 338
191 363
191 376
191 382
191 385
191 419
191 430
191 474
191 477
191 488
191 489
192 5
192 22
192 31
192 34
192 35
192 60
192 98
192 103
192 242
192 262
192 292
192 327
192 420
193 103
193 154
193 167
193 170
193 225
193 236
193 259
193 321
193 328
193 349
193 370
193 468
193 475
194 25
194 42
194 43
194 171
194 172
194 225
194 254
194 311
194 336
194 358
194 364
194 382
194 486
195 31
195 145
195 161
195 171
195 181
195 197
195 201
195 239
195 270
195 279
195 344
196 40
196 68
196 111
196 140
196 151
196 240
196 339
196 363
196 374
196 387
196 416
196 425
196 484
197 42
197 43
197 175
197 181
197 195
197 225
197 311
197 325
197 328
197 336
197 337
197 382
197 426
197 430
197 486
198 15
198 53
198 94
198 204
198 237
198 239
198 253
198 256
198 304
198 348
198 360
198 363
198 367
198 368
198 369
198 382
198 408
198 410
198 456
198 459
198 463
198 465
198 471
198 490
198 494
198 499
199 40
199 58
199 61
199 121
199 135
199 142
199 147
199 177
199 213
199 235
199 240
199 245
199 301
200 10
200 60
200 105
200 189
200 204
200 242
200 262
200 292
200 305
200 372
200 409
200 412
200 427
201 26
201 121
201 159
201 161
201 169
201 195
201 213
201 232
201 235
201 246
201 270
201 405
201 442
202 57
202 58
202 72
202 106
202 135
202 171
202 208
202 240
202 245
202 332
202 363
202 405
202 418
203 73
203 172
203 181
203 245
203 248
203 280
203 323
203 345
203 377
203 385
203 413
203 461
203 481
204 27
204 73
204 74
204 77
204 85
204 97
204 137
204 139
204 155
204 198
204 200
204 277
204 389
205 24
205 133
205 136
205 167
205 179
205 349
205 377
205 425
205 436
205 446
205 461
205 483
205 489
206 66
206 133
206 134
206 136
206 160
206 166
206 167
206 188
206 248
206 340
206 349
206 372
206 461
207 10
207 37
207 41
207 76
207 143
207 173
207 187
207 208
207 217
207 245
207 305
207 472
207 473
208 57
208 130
208 150
208 185
208 189
208 202
208 207
208 287
208 296
208 367
208 368
208 403
208 490
209 18
209 24
209 63
209 80
209 160
209 166
209 215
209 249
209 264
209 266
209 317
209 375
209 383
209 457
210 55
210 100
210 123
210 163
210 248
210 285
210 334
210 335
210 341
210 349
210 365
210 377
210 422
210 437
210 446
210 457
210 458
210 461
210 470
210 481
210 485
210 492
210 493
210 497
210 498
211 21
211 65
211 109
211 116
211 267
211 278
211 366
211 385
211 421
211 433
211 475
211 494
211 500
212 4
212 23
212 76
212 78
212 79
212 128
212 146
212 153
212 161
212 162
212 176
212 276
212 312
212 384
212 404
212 419
212 429
213 121
213 125
213 130
213 150
213 171
213 199
213 201
213 298
213 362
213 391
213 403
213 421
213 475
214 2
214 71
214 104
214 178
214 260
214 286
214 289
214 294
214 310
214 319
214 333
214 352
214 358
214 420
214 426
214 441
214 459
214 461
214 488
214 495
215 41
215 80
215 143
215 154
215 175
215 209
215 358
215 380
215 435
215 462
216 162
216 218
216 220
216 243
216 295
216 343
216 354
216 386
216 403
216 447
216 454
216 467
216 476
217 10
217 41
217 101
217 154
217 165
217 187
217 207
217 236
217 247
217 370
217 390
217 440
217 477
218 82
218 90
218 142
218 165
218 177
218 216
218 221
218 224
218 279
218 284
218 343
218 388
218 467
219 117
219 172
219 235
219 261
219 267
219 274
219 370
219 383
219 399
219 421
219 422
219 436
219 481
219 483
220 26
220 37
220 55
220 165
220 216
220 247
220 255
220 266
220 323
220 375
220 425
220 444
220 449
220 457
220 498
221 63
221 131
221 218
221 251
221 255
221 277
221 281
221 302
221 323
221 325
221 355
221 385
221 425
222 17
222 67
222 103
222 173
222 236
222 259
222 263
222 311
222 328
222 364
222 367
222 393
222 468
222 478
223 40
223 97
223 105
223 224
223 235
223 244
223 343
223 351
223 356
223 368
223 373
223 378
223 388
223 392
224 41
224 44
224 121
224 218
224 223
224 232
224 241
224 273
224 296
224 304
224 356
224 373
224 416
224 490
225 42
225 44
225 180
225 182
225 193
225 194
225 197
225 227
225 232
225 234
225 320
225 400
225 409
225 472
226 10
226 41
226 44
226 111
226 123
226 129
226 187
226 189
226 305
226 382
226 409
226 412
226 435
226 454
227 61
227 68
227 91
227 95
227 142
227 147
227 225
227 235
227 314
227 412
227 465
228 75
228 148
228 164
228 169
228 176
228 178
228 183
228 294
228 318
228 333
228 350
228 417
228 441
228 475
229 7
229 164
229 169
229 176
229 183
229 189
229 241
229 252
229 310
229 318
229 412
229 441
229 461
229 468
230 10
230 41
230 104
230 143
230 177
230 185
230 189
230 190
230 241
230 265
230 305
230 412
230 454
230 460
231 143
231 185
231 189
231 190
231 241
231 265
231 269
231 272
231 305
231 411
231 412
231 423
231 453
231 454
232 161
232 171
232 201
232 224
232 225
232 268
232 295
232 299
232 346
232 353
232 361
232 395
232 414
232 456
233 21
233 52
233 87
233 107
233 116
233 164
233 238
233 242
233 396
233 470
233 491
234 146
234 182
234 225
234 259
234 262
234 265
234 269
234 276
234 292
234 382
234 387
234 423
234 425
234 428
234 438
235 34
235 121
235 161
235 199
235 201
235 219
235 223
235 227
235 273
235 296
235 362
235 370
235 471
235 494
236 17
236 108
236 187
236 189
236 193
236 217
236 222
236 318
236 384
236 392
236 411
236 412
236 425
236 467
237 34
237 90
237 198
237 257
237 268
237 284
237 298
237 308
237 324
237 343
237 359
237 362
237 370
237 378
237 394
237 467
237 475
237 499
238 18
238 24
238 63
238 89
238 123
238 233
238 242
238 272
238 316
238 428
238 493
239 15
239 45
239 53
239 90
239 162
239 190
239 195
239 198
239 252
239 284
239 348
239 359
239 360
239 361
239 370
239 388
239 391
239 392
239 403
239 414
239 460
239 463
239 490
239 494
239 499
240 38
240 92
240 93
240 149
240 173
240 184
240 196
240 199
240 202
240 254
240 292
240 419
241 71
241 75
241 81
241 163
241 178
241 224
241 229
241 230
241 231
241 260
241 265
241 269
241 272
241 286
241 297
241 350
241 352
241 358
241 426
241 441
241 473
241 486
241 488
241 489
241 495
242 6
242 22
242 60
242 189
242 192
242 200
242 233
242 238
242 252
242 254
242 350
242 406
242 412
243 15
243 51
243 56
243 90
243 94
243 106
243 120
243 147
243 216
243 256
243 284
243 304
243 307
243 343
243 348
243 361
243 363
243 374
243 459
243 488
244 9
244 88
244 95
244 101
244 182
244 223
244 258
244 281
244 291
244 442
244 464
244 468
245 17
245 86
245 108
245 199
245 202
245 203
245 207
245 347
245 438
245 442
245 460
245 496
246 131
246 183
246 186
246 201
246 251
246 255
246 264
246 281
246 297
246 302
246 323
246 345
246 385
246 413
247 19
247 111
247 170
247 217
247 220
247 288
247 351
247 378
247 379
247 410
247 440
247 450
247 467
248 6
248 16
248 33
248 98
248 110
248 152
248 203
248 206
248 210
248 309
248 440
248 472
249 37
249 155
249 209
249 252
249 258
249 263
249 275
249 326
249 340
249 346
249 349
249 425
249 436
249 448
249 483
250 49
250 94
250 251
250 254
250 290
250 295
250 299
250 304
250 307
250 359
250 414
250 450
250 456
250 484
250 500
251 24
251 63
251 181
251 221
251 246
251 250
251 254
251 258
251 264
251 306
251 397
251 413
251 424
251 448
251 469
252 2
252 16
252 56
252 118
252 189
252 229
252 239
252 242
252 249
252 325
252 384
252 406
252 420
252 471
252 473
253 40
253 45
253 48
253 61
253 95
253 142
253 158
253 185
253 198
253 254
253 258
253 332
253 360
253 361
253 363
253 396
253 401
253 442
253 463
253 490
253 494
253 499
254 44
254 101
254 118
254 194
254 240
254 242
254 250
254 251
254 253
254 260
254 262
254 311
255 51
255 179
255 220
255 221
255 246
255 256
255 306
255 317
255 341
255 346
255 357
255 402
255 437
255 442
255 444
256 40
256 45
256 53
256 198
256 243
256 255
256 303
256 304
256 324
256 342
256 353
256 357
256 363
256 386
256 408
256 442
256 456
256 465
256 471
257 12
257 50
257 114
257 145
257 162
257 174
257 237
257 260
257 314
257 324
257 442
258 2
258 88
258 113
258 115
258 149
258 244
258 249
258 251
258 253
258 330
258 387
258 480
258 486
259 20
259 99
259 100
259 106
259 180
259 182
259 184
259 191
259 193
259 222
259 234
259 310
259 320
259 321
259 472
260 2
260 104
260 174
260 214
260 241
260 254
260 257
260 261
260 294
260 319
260 325
260 333
260 357
260 440
260 461
261 18
261 77
261 87
261 89
261 219
261 260
261 262
261 281
261 289
261 357
261 365
261 407
261 422
261 436
261 483
262 6
262 33
262 174
262 180
262 182
262 192
262 200
262 234
262 254
262 261
262 267
262 282
262 400
262 406
262 472
263 11
263 59
263 155
263 163
263 222
263 249
263 266
263 321
263 334
263 341
263 365
263 367
263 446
263 449
263 457
264 7
264 9
264 10
264 62
264 85
264 109
264 136
264 188
264 209
264 246
264 251
264 297
264 302
264 334
264 433
265 2
265 104
265 154
265 180
265 182
265 230
265 231
265 234
265 241
265 266
265 268
265 362
265 427
265 472
265 493
266 37
266 65
266 209
266 220
266 263
266 265
266 267
266 268
266 280
266 322
266 345
266 372
266 375
266 383
266 420
267 46
267 55
267 65
267 109
267 211
267 219
267 262
267 266
267 285
267 357
267 383
267 420
267 423
267 483
267 500
268 90
268 106
268 132
268 151
268 232
268 237
268 265
268 266
268 284
268 315
268 378
268 395
268 420
268 447
268 467
269 44
269 110
269 122
269 128
269 180
269 231
269 234
269 241
269 299
269 301
269 313
269 349
269 411
269 421
269 438
270 72
270 99
270 161
270 171
270 195
270 201
270 271
270 274
270 287
270 344
270 351
270 368
270 386
270 418
270 489
271 62
271 155
271 270
271 273
271 283
271 335
271 340
271 355
271 372
271 428
271 470
272 36
272 84
272 104
272 113
272 149
272 186
272 231
272 238
272 241
272 319
272 340
272 480
272 495
273 31
273 34
273 145
273 159
273 224
273 235
273 271
273 274
273 275
273 283
273 471
274 59
274 112
274 164
274 165
274 219
274 270
274 273
274 306
274 341
274 399
274 420
274 436
274 446
274 458
274 481
275 51
275 55
275 59
275 249
275 273
275 283
275 284
275 285
275 322
275 341
275 346
275 365
275 375
275 446
275 457
276 128
276 191
276 212
276 234
276 278
276 282
276 284
276 288
276 300
276 321
276 327
276 331
276 371
276 421
276 496
277 36
277 62
277 74
277 77
277 97
277 204
277 221
277 302
277 317
277 320
277 322
277 328
277 338
277 428
277 452
277 466
278 18
278 89
278 112
278 123
278 211
278 276
278 284
278 288
278 289
278 297
278 316
278 389
278 428
279 82
279 99
279 120
279 182
279 195
279 218
279 287
279 307
279 351
279 354
279 368
279 386
279 393
279 418
279 440
279 481
280 55
280 85
280 97
280 137
280 139
280 141
280 174
280 203
280 266
280 290
280 295
280 296
280 297
280 377
280 415
281 52
281 77
281 87
281 95
281 221
281 244
281 246
281 261
281 289
281 302
281 317
281 422
281 452
281 466
281 473
281 491
282 29
282 30
282 33
282 47
282 128
282 144
282 146
282 262
282 276
282 300
282 320
282 333
282 364
282 421
282 426
282 471
283 34
283 49
283 99
283 159
283 169
283 271
283 273
283 275
283 296
283 351
283 367
283 418
283 471
283 474
283 479
283 490
284 151
284 218
284 237
284 239
284 243
284 268
284 275
284 276
284 278
284 307
284 315
284 339
284 447
284 467
284 482
284 494
285 127
285 157
285 179
285 210
285 267
285 275
285 290
285 295
285 296
285 335
285 340
285 346
285 372
285 375
285 431
285 469
285 470
285 483
285 485
285 500
286 2
286 9
286 122
286 214
286 241
286 294
286 298
286 299
286 309
286 319
286 347
286 417
286 454
286 461
286 475
286 484
287 73
287 99
287 118
287 182
287 208
287 270
287 279
287 301
287 329
287 351
287 367
287 368
287 393
287 394
287 418
287 482
288 19
288 39
288 99
288 111
288 169
288 247
288 276
288 278
288 301
288 351
288 367
288 368
288 386
288 399
288 418
288 494
289 4
289 21
289 23
289 30
289 117
289 214
289 261
289 278
289 281
289 334
289 448
289 458
289 488
290 15
290 45
290 80
290 94
290 96
290 99
290 125
290 150
290 158
290 250
290 280
290 285
290 342
290 391
290 392
290 399
290 410
290 418
290 463
290 482
290 490
290 494
290 499
291 75
291 84
291 128
291 146
291 183
291 244
291 318
291 320
291 330
291 337
291 342
291 346
291 348
291 351
291 421
291 462
292 25
292 93
292 192
292 200
292 234
292 240
292 301
292 305
292 310
292 313
292 315
292 327
292 411
292 412
292 455
292 472
293 7
293 43
293 104
293 310
293 318
293 319
293 325
293 362
293 384
293 427
293 455
293 461
293 484
293 485
293 491
293 492
294 138
294 153
294 179
294 214
294 228
294 260
294 286
294 309
294 331
294 362
294 378
294 427
294 439
294 461
294 462
294 475
295 39
295 90
295 162
295 170
295 216
295 232
295 250
295 280
295 285
295 308
295 313
295 343
295 359
295 369
295 395
295 399
296 99
296 161
296 171
296 208
296 224
296 235
296 280
296 283
296 285
296 298
296 308
296 368
296 378
296 388
296 391
296 399
297 39
297 77
297 181
297 241
297 246
297 264
297 278
297 280
297 306
297 397
297 413
297 422
297 424
297 440
297 452
297 491
298 58
298 96
298 145
298 213
298 237
298 286
298 296
298 367
298 394
298 403
298 441
298 480
298 482
298 490
299 39
299 80
299 232
299 250
299 269
299 286
299 304
299 308
299 313
299 342
299 363
299 369
299 378
299 386
299 395
299 424
300 4
300 54
300 102
300 115
300 128
300 135
300 276
300 282
300 302
300 305
300 312
300 381
300 404
300 434
300 445
300 451
300 480
300 484
300 485
300 492
301 80
301 99
301 199
301 269
301 287
301 288
301 292
301 313
301 314
301 342
301 354
301 386
301 410
301 418
301 434
301 465
302 77
302 131
302 181
302 221
302 246
302 264
302 277
302 281
302 300
302 309
302 317
302 329
302 397
302 413
302 448
302 452
302 468
303 45
303 108
303 132
303 140
303 142
303 147
303 185
303 256
303 305
303 310
303 324
303 333
303 363
303 373
303 379
303 401
303 490
304 39
304 45
304 80
304 198
304 224
304 243
304 250
304 256
304 299
304 307
304 320
304 328
304 342
304 363
304 369
304 386
304 408
304 437
304 463
304 494
304 499
305 43
305 69
305 200
305 207
305 226
305 230
305 231
305 292
305 300
305 303
305 312
305 325
305 332
305 372
305 411
305 429
305 486
306 26
306 59
306 165
306 167
306 251
306 255
306 274
306 297
306 313
306 314
306 315
306 375
306 383
306 389
306 437
306 452
306 470
307 39
307 90
307 118
307 243
307 250
307 279
307 284
307 304
307 308
307 315
307 343
307 369
307 378
307 393
307 440
307 463
307 467
308 111
308 145
308 170
308 237
308 295
308 296
308 299
308 307
308 312
308 315
308 326
308 327
308 331
308 339
308 394
308 403
308 447
309 104
309 248
309 286
309 294
309 302
309 310
309 312
309 325
309 327
309 329
309 330
309 333
309 409
309 412
309 468
309 485
309 492
310 7
310 43
310 57
310 214
310 229
310 259
310 292
310 293
310 303
310 309
310 319
310 324
310 325
310 352
310 441
310 444
310 461
311 44
311 55
311 58
311 92
311 93
311 194
311 197
311 222
311 254
311 404
311 409
311 410
311 472
312 4
312 5
312 23
312 102
312 182
312 184
312 212
312 300
312 305
312 308
312 309
312 326
312 329
312 339
312 352
312 421
312 496
313 19
313 80
313 111
313 269
313 292
313 295
313 299
313 301
313 306
313 339
313 342
313 344
313 361
313 363
313 379
313 396
313 410
314 28
314 32
314 70
314 114
314 158
314 227
314 257
314 301
314 306
314 318
314 319
314 360
314 396
314 408
314 410
314 456
314 465
315 53
315 82
315 268
315 284
315 292
315 306
315 307
315 308
315 318
315 339
315 378
315 379
315 386
315 416
315 450
315 476
315 482
316 3
316 30
316 55
316 66
316 188
316 238
316 278
316 318
316 319
316 320
316 385
316 423
317 18
317 63
317 127
317 131
317 209
317 255
317 277
317 281
317 302
317 323
317 328
317 336
317 338
317 385
317 407
317 425
317 458
318 75
318 79
318 122
318 228
318 229
318 236
318 291
318 293
318 314
318 315
318 316
318 357
318 381
318 417
318 434
318 451
318 475
319 7
319 84
319 214
319 260
319 272
319 286
319 293
319 310
319 314
319 316
319 362
319 404
319 427
319 429
319 439
319 461
319 498
320 154
320 225
320 259
320 277
320 282
320 291
320 304
320 316
320 321
320 331
320 337
320 357
320 381
320 429
320 430
320 451
320 462
321 20
321 128
321 146
321 175
321 193
321 259
321 263
321 276
321 320
321 336
321 342
321 349
321 382
321 396
321 413
321 421
322 11
322 31
322 35
322 55
322 118
322 126
322 191
322 266
322 275
322 277
322 335
322 340
322 355
322 363
322 375
322 449
322 458
322 466
322 469
322 470
322 485
323 63
323 77
323 139
323 141
323 176
323 203
323 220
323 221
323 246
323 317
323 336
323 338
323 350
323 415
323 437
323 452
323 498
324 28
324 72
324 91
324 158
324 166
324 237
324 256
324 257
324 303
324 310
324 333
324 343
324 356
324 360
324 361
324 363
324 440
325 78
325 138
325 197
325 221
325 252
325 260
325 293
325 305
325 309
325 310
325 330
325 341
325 352
325 366
325 384
325 440
325 441
326 8
326 36
326 137
326 138
326 139
326 249
326 308
326 312
326 339
326 415
326 424
326 468
327 43
327 93
327 119
327 144
327 175
327 192
327 276
327 292
327 308
327 309
327 339
327 349
327 352
327 359
327 360
327 439
327 475
328 5
328 20
328 60
328 103
328 186
328 193
328 197
328 222
328 277
328 304
328 317
328 336
328 409
328 489
329 29
329 32
329 72
329 80
329 287
329 302
329 309
329 312
329 342
329 356
329 379
329 386
329 394
329 396
329 408
329 410
329 468
329 476
330 2
330 9
330 88
330 115
330 116
330 124
330 126
330 258
330 291
330 309
330 325
330 343
330 352
330 411
330 439
330 442
330 464
330 477
331 20
331 84
331 119
331 128
331 144
331 146
331 191
331 276
331 294
331 308
331 320
331 333
331 339
331 359
331 360
331 421
331 426
331 488
332 40
332 68
332 70
332 92
332 95
332 147
332 202
332 253
332 305
332 333
332 367
332 368
332 372
333 63
333 75
333 84
333 191
333 214
333 228
333 260
333 282
333 303
333 309
333 324
333 331
333 332
333 352
333 439
333 441
333 475
333 489
334 2
334 5
334 6
334 11
334 20
334 126
334 127
334 129
334 163
334 210
334 263
334 264
334 289
334 341
334 431
334 448
334 457
334 458
335 65
335 155
335 210
335 271
335 285
335 322
335 347
335 350
335 352
335 372
335 397
335 398
335 399
335 402
335 436
335 443
335 457
335 466
336 5
336 119
336 146
336 186
336 191
336 194
336 197
336 317
336 321
336 323
336 328
336 413
336 421
336 430
336 445
336 453
336 474
336 488
337 42
337 144
337 146
337 197
337 291
337 320
337 345
337 359
337 360
337 368
337 382
337 404
337 409
337 419
337 420
337 429
337 430
337 454
338 7
338 25
338 128
338 178
338 191
338 277
338 317
338 323
338 347
338 352
338 358
338 380
338 419
338 420
338 430
338 439
338 451
338 475
339 70
339 120
339 190
339 196
339 284
339 308
339 312
339 313
339 315
339 326
339 327
339 331
339 374
339 378
339 447
339 463
339 467
339 482
340 14
340 64
340 103
340 112
340 127
340 155
340 168
340 178
340 206
340 249
340 271
340 272
340 285
340 322
340 372
340 422
340 431
340 458
341 11
341 100
341 131
341 188
341 210
341 255
341 263
341 274
341 275
341 325
341 334
341 366
341 382
341 400
341 402
341 407
341 432
341 433
341 449
341 470
341 481
341 485
341 492
341 493
341 497
341 498
341 500
342 69
342 80
342 256
342 290
342 291
342 299
342 301
342 304
342 313
342 321
342 329
342 361
342 363
342 390
342 405
342 459
342 476
342 478
343 137
343 146
343 149
343 170
343 216
343 218
343 223
343 237
343 243
343 295
343 307
343 324
343 330
343 354
343 359
343 378
343 386
343 494
344 70
344 110
344 114
344 124
344 126
344 144
344 169
344 195
344 270
344 313
344 395
344 405
344 414
345 37
345 55
345 166
345 172
345 181
345 203
345 246
345 266
345 337
345 359
345 360
345 368
345 375
345 415
345 423
345 443
345 449
345 469
346 18
346 52
346 107
346 116
346 127
346 232
346 249
346 255
346 275
346 285
346 291
346 375
346 396
346 406
346 431
346 457
346 458
346 500
347 4
347 54
347 102
347 156
347 178
347 184
347 245
347 286
347 335
347 338
347 350
347 358
347 370
347 390
347 413
347 417
347 440
347 469
348 40
348 53
348 90
348 94
348 140
348 162
348 171
348 198
348 239
348 243
348 291
348 356
348 361
348 378
348 390
348 403
348 411
348 414
348 456
348 459
348 463
348 465
348 471
348 479
348 490
348 494
348 499
349 9
349 20
349 93
349 180
349 182
349 193
349 205
349 206
349 210
349 249
349 269
349 321
349 327
349 404
349 421
349 429
349 460
349 472
350 7
350 122
350 228
350 241
350 242
350 323
350 335
350 347
350 357
350 380
350 381
350 413
350 417
350 420
350 434
350 435
350 454
350 487
351 19
351 99
351 114
351 223
351 247
351 270
351 279
351 283
351 287
351 288
351 291
351 390
351 403
351 410
351 411
351 418
351 459
351 478
352 71
352 104
352 214
352 241
352 310
352 312
352 325
352 327
352 330
352 333
352 335
352 338
352 366
352 409
352 441
352 449
352 461
352 468
353 40
353 45
353 87
353 94
353 109
353 116
353 232
353 256
353 361
353 367
353 374
353 387
353 391
353 392
353 395
353 447
353 456
353 465
353 471
354 50
354 87
354 109
354 110
354 140
354 169
354 216
354 279
354 301
354 343
354 375
354 379
354 401
354 467
354 479
355 14
355 35
355 62
355 64
355 221
355 271
355 322
355 358
355 368
355 373
355 374
355 443
355 466
356 58
356 65
356 223
356 224
356 324
356 329
356 348
356 403
356 422
356 457
356 460
356 476
357 7
357 75
357 128
357 143
357 255
357 256
357 260
357 261
357 267
357 318
357 320
357 350
357 358
357 382
357 390
357 411
357 419
357 430
357 495
358 7
358 81
358 122
358 194
358 214
358 215
358 241
358 338
358 347
358 355
358 357
358 368
358 373
358 374
358 380
358 393
358 411
358 417
358 420
358 430
358 455
358 474
358 486
358 487
358 489
359 48
359 90
359 162
359 170
359 237
359 239
359 250
359 295
359 327
359 331
359 337
359 343
359 345
359 360
359 391
359 403
359 414
359 459
359 478
360 39
360 53
360 72
360 158
360 170
360 198
360 239
360 253
360 314
360 324
360 327
360 331
360 337
360 345
360 359
360 367
360 369
360 373
360 388
360 478
361 15
361 40
361 94
361 232
361 239
361 243
361 253
361 313
361 324
361 342
361 348
361 353
361 367
361 426
361 434
361 452
361 456
361 465
361 471
361 478
361 481
362 104
362 146
362 213
362 235
362 237
362 265
362 293
362 294
362 319
362 404
362 411
362 419
362 426
362 429
362 430
362 435
362 454
362 468
362 489
362 494
363 45
363 53
363 83
363 120
363 182
363 191
363 196
363 198
363 202
363 243
363 253
363 256
363 299
363 303
363 304
363 313
363 322
363 324
363 342
363 408
364 1
364 44
364 92
364 98
364 173
364 194
364 222
364 282
364 365
364 373
364 374
364 379
365 11
365 51
365 59
365 129
365 131
365 134
365 210
365 261
365 263
365 275
365 364
365 366
365 373
365 374
365 379
365 402
365 407
365 413
365 443
365 469
366 55
366 59
366 124
366 163
366 211
366 325
366 341
366 352
366 365
366 377
366 378
366 385
366 389
366 413
366 431
366 437
366 449
366 480
366 483
366 497
367 45
367 53
367 106
367 158
367 171
367 198
367 208
367 222
367 263
367 283
367 287
367 288
367 298
367 332
367 353
367 360
367 361
367 396
367 400
367 411
368 29
368 198
368 208
368 223
368 270
368 279
368 287
368 288
368 296
368 332
368 337
368 345
368 355
368 358
368 379
368 459
369 32
369 45
369 53
369 80
369 120
369 132
369 161
369 171
369 198
369 295
369 299
369 304
369 307
369 360
369 371
369 377
369 380
369 396
369 408
369 433
370 122
370 193
370 217
370 219
370 235
370 237
370 239
370 347
370 380
370 384
370 417
370 420
370 434
370 439
370 441
370 445
370 451
370 454
370 475
370 480
371 23
371 101
371 122
371 128
371 144
371 148
371 152
371 168
371 276
371 369
371 377
371 381
371 391
371 404
371 433
371 434
371 445
371 451
371 454
371 480
372 62
372 112
372 127
372 155
372 200
372 206
372 266
372 271
372 285
372 305
372 332
372 335
372 340
372 399
372 406
372 424
372 428
372 431
372 433
372 485
373 32
373 53
373 130
373 150
373 158
373 223
373 224
373 303
373 355
373 358
373 360
373 364
373 365
373 388
373 392
373 396
373 408
373 410
373 463
373 482
374 32
374 40
374 53
374 68
374 140
374 151
374 190
374 196
374 243
374 339
374 353
374 355
374 358
374 364
374 365
374 396
374 408
374 410
374 416
374 463
375 37
375 65
375 100
375 209
375 220
375 266
375 275
375 285
375 306
375 322
375 345
375 346
375 354
375 387
375 389
375 432
375 433
375 452
375 460
375 481
375 489
375 492
375 497
375 498
376 56
376 75
376 81
376 104
376 128
376 191
376 393
376 403
376 405
376 408
376 420
376 429
376 434
376 439
376 440
376 441
376 453
376 472
376 473
376 474
376 475
376 477
376 480
376 487
376 488
376 489
376 490
376 495
376 500
377 73
377 100
377 107
377 141
377 176
377 203
377 205
377 210
377 280
377 366
377 369
377 371
377 379
377 391
377 398
377 402
377 407
377 423
377 433
377 444
377 481
378 13
378 15
378 94
378 223
378 237
378 247
378 268
378 294
378 296
378 299
378 307
378 315
378 339
378 343
378 348
378 366
378 382
378 397
378 447
378 459
378 482
379 140
379 247
379 303
379 313
379 315
379 329
379 354
379 364
379 365
379 368
379 377
379 433
379 465
380 7
380 71
380 128
380 135
380 173
380 215
380 338
380 350
380 358
380 369
380 370
380 383
380 386
380 388
380 420
380 426
380 430
380 439
380 454
380 468
380 488
381 75
381 92
381 128
381 300
381 318
381 320
381 350
381 371
381 383
381 386
381 388
381 404
381 411
381 419
381 429
381 433
381 440
381 445
381 462
381 480
381 488
382 179
382 182
382 186
382 191
382 194
382 197
382 198
382 226
382 234
382 321
382 337
382 341
382 357
382 378
382 384
382 426
382 434
382 439
382 451
382 455
382 488
383 109
383 124
383 174
383 179
383 209
383 219
383 266
383 267
383 306
383 380
383 381
383 386
383 388
383 389
383 407
383 436
383 483
384 21
384 43
384 78
384 105
384 212
384 236
384 252
384 293
384 325
384 370
384 382
384 404
384 406
384 424
384 427
384 428
384 434
384 445
384 469
384 480
384 493
385 1
385 33
385 116
385 141
385 181
385 191
385 203
385 211
385 221
385 246
385 316
385 317
385 366
385 394
385 437
385 448
385 485
386 53
386 216
386 256
386 270
386 279
386 288
386 299
386 301
386 304
386 315
386 329
386 343
386 380
386 381
386 383
386 389
386 396
386 410
386 463
386 465
387 9
387 87
387 101
387 109
387 115
387 148
387 196
387 234
387 258
387 353
387 375
387 419
387 495
388 15
388 32
388 48
388 82
388 95
388 170
388 218
388 223
388 239
388 296
388 360
388 373
388 380
388 381
388 383
388 389
388 416
388 459
388 478
388 479
388 494
389 59
389 63
389 100
389 129
389 165
389 204
389 278
389 306
389 366
389 375
389 383
389 386
389 388
389 391
389 407
389 433
389 444
389 447
389 466
389 469
389 481
389 483
389 492
389 493
389 498
390 76
390 90
390 143
390 173
390 187
390 217
390 342
390 347
390 348
390 351
390 357
390 419
390 420
390 421
390 426
390 429
390 438
390 451
390 460
390 480
390 488
391 15
391 49
391 96
391 125
391 130
391 150
391 170
391 213
391 239
391 290
391 296
391 353
391 359
391 371
391 377
391 389
391 392
391 433
391 459
391 478
391 494
392 15
392 70
392 130
392 135
392 150
392 170
392 223
392 236
392 239
392 290
392 353
392 373
392 391
392 414
392 423
392 425
392 447
392 456
392 459
392 478
392 494
393 7
393 122
393 128
393 178
393 222
393 279
393 287
393 307
393 358
393 376
393 394
393 400
393 417
393 419
393 420
393 429
393 430
393 434
393 439
393 441
393 472
393 475
394 1
394 2
394 91
394 237
394 287
394 298
394 308
394 329
394 385
394 393
394 408
394 476
395 57
395 114
395 132
395 158
395 232
395 268
395 295
395 299
395 344
395 353
395 414
395 432
395 435
395 438
395 443
395 445
396 39
396 57
396 158
396 233
396 253
396 313
396 314
396 321
396 329
396 346
396 367
396 369
396 373
396 374
396 386
396 405
396 406
396 418
397 3
397 26
397 30
397 37
397 66
397 100
397 165
397 251
397 297
397 302
397 335
397 378
397 402
397 410
397 423
397 444
397 451
397 453
397 458
397 473
397 493
397 497
398 11
398 46
398 59
398 66
398 127
398 129
398 165
398 335
398 377
398 403
398 405
398 408
398 409
398 425
398 427
398 431
398 444
398 449
398 466
398 481
398 485
398 497
399 55
399 65
399 127
399 134
399 136
399 160
399 166
399 188
399 219
399 274
399 288
399 290
399 295
399 296
399 335
399 372
399 402
399 433
399 436
399 485
399 492
399 497
400 22
400 25
400 60
400 99
400 138
400 225
400 262
400 341
400 367
400 393
400 429
400 439
401 40
401 61
401 82
401 142
401 147
401 185
401 253
401 303
401 354
401 436
401 437
401 441
401 474
402 55
402 126
402 163
402 255
402 335
402 341
402 365
402 377
402 397
402 399
402 404
402 414
402 416
402 417
402 431
402 433
402 437
402 448
402 449
402 485
402 492
403 15
403 94
403 96
403 111
403 208
403 213
403 216
403 239
403 298
403 308
403 348
403 351
403 356
403 359
403 376
403 398
403 409
403 427
403 430
403 450
403 459
403 484
404 102
404 212
404 300
404 311
404 319
404 337
404 349
404 362
404 371
404 381
404 384
404 402
404 412
404 414
404 416
404 421
404 440
404 445
404 447
404 474
404 480
404 487
405 15
405 32
405 45
405 72
405 80
405 82
405 161
405 162
405 169
405 201
405 202
405 342
405 344
405 376
405 396
405 398
405 408
405 409
405 427
405 430
405 459
405 494
406 25
406 78
406 114
406 189
406 242
406 252
406 262
406 346
406 372
406 384
406 396
406 412
406 435
406 453
406 454
407 11
407 59
407 89
407 261
407 317
407 341
407 365
407 377
407 383
407 389
407 432
407 443
407 448
407 449
407 450
407 451
407 453
407 456
407 459
407 481
407 483
407 492
407 497
408 39
408 45
408 158
408 169
408 198
408 256
408 304
408 314
408 329
408 363
408 369
408 373
408 374
408 376
408 394
408 398
408 405
408 409
408 427
408 430
408 463
408 494
408 499
409 6
409 43
409 71
409 178
409 200
409 225
409 226
409 309
409 311
409 328
409 337
409 352
409 398
409 403
409 405
409 408
409 418
409 439
409 460
409 468
409 474
409 487
409 488
410 15
410 39
410 158
410 177
410 198
410 247
410 290
410 301
410 311
410 313
410 314
410 329
410 351
410 373
410 374
410 386
410 397
410 418
410 449
410 451
410 485
410 494
410 499
411 165
411 168
411 231
411 236
411 269
411 292
411 305
411 330
411 348
411 351
411 357
411 358
411 362
411 367
411 381
411 434
411 440
411 445
411 451
411 474
411 480
411 486
411 495
412 67
412 200
412 226
412 227
412 229
412 230
412 231
412 236
412 242
412 292
412 309
412 404
412 406
412 415
412 427
412 431
412 434
412 444
412 450
412 455
412 474
412 480
412 487
413 37
413 52
413 87
413 127
413 181
413 203
413 246
413 251
413 297
413 302
413 321
413 336
413 347
413 350
413 365
413 366
413 421
413 423
413 433
413 452
413 485
413 497
413 498
414 15
414 40
414 90
414 94
414 170
414 232
414 239
414 250
414 344
414 348
414 359
414 392
414 395
414 402
414 404
414 417
414 419
414 456
414 459
414 465
414 471
414 490
414 499
415 36
415 66
415 70
415 74
415 141
415 280
415 323
415 326
415 345
415 412
415 450
415 454
415 459
416 40
416 70
416 94
416 120
416 125
416 190
416 196
416 224
416 315
416 374
416 388
416 402
416 404
416 417
416 419
416 467
417 7
417 71
417 122
417 178
417 184
417 228
417 286
417 318
417 347
417 350
417 358
417 370
417 393
417 402
417 414
417 416
417 420
417 435
417 447
417 454
417 488
417 489
418 53
418 57
418 80
418 120
418 202
418 270
418 279
418 283
418 287
418 288
418 290
418 301
418 351
418 396
418 409
418 410
418 427
418 430
418 435
418 438
418 463
418 494
418 499
419 84
419 92
419 191
419 212
419 240
419 337
419 338
419 357
419 362
419 381
419 387
419 390
419 393
419 414
419 416
419 440
419 444
419 447
419 455
419 462
419 473
419 474
419 487
420 47
420 118
420 168
420 192
420 214
420 252
420 266
420 267
420 268
420 274
420 337
420 338
420 350
420 358
420 370
420 376
420 380
420 390
420 393
420 417
420 455
420 474
420 487
420 489
421 47
421 81
421 154
421 211
421 213
421 219
421 269
421 276
421 282
421 291
421 312
421 321
421 331
421 336
421 349
421 390
421 404
421 413
421 426
421 434
421 445
421 477
421 488
421 494
422 24
422 63
422 100
422 109
422 117
422 127
422 146
422 163
422 210
422 219
422 261
422 281
422 297
422 340
422 356
422 431
422 458
422 470
422 471
422 474
422 484
422 485
422 492
422 493
423 131
423 133
423 231
423 234
423 267
423 316
423 345
423 377
423 392
423 397
423 413
423 429
423 436
423 448
424 8
424 36
424 133
424 138
424 188
424 251
424 297
424 299
424 326
424 372
424 384
424 428
424 432
424 436
424 439
424 478
424 488
425 141
425 155
425 163
425 196
425 205
425 220
425 221
425 234
425 236
425 249
425 317
425 392
425 398
425 485
426 9
426 76
426 79
426 84
426 98
426 179
426 197
426 214
426 241
426 282
426 331
426 361
426 362
426 380
426 382
426 390
426 421
426 446
426 451
426 452
426 474
426 480
426 481
426 487
427 2
427 47
427 104
427 189
427 200
427 265
427 293
427 294
427 319
427 384
427 398
427 403
427 405
427 408
427 412
427 418
428 35
428 97
428 234
428 238
428 271
428 277
428 278
428 372
428 384
428 424
428 439
428 452
428 478
428 488
429 2
429 84
429 177
429 185
429 190
429 212
429 305
429 319
429 320
429 337
429 349
429 362
429 376
429 381
429 390
429 393
429 400
429 423
429 440
429 455
429 472
429 474
429 486
429 487
429 495
430 75
430 81
430 84
430 183
430 191
430 197
430 320
430 336
430 337
430 338
430 357
430 358
430 362
430 380
430 393
430 403
430 405
430 408
430 418
430 455
430 462
430 474
430 487
430 500
431 5
431 100
431 138
431 163
431 176
431 285
431 334
431 340
431 346
431 366
431 372
431 398
431 402
431 412
431 422
431 437
431 443
431 447
431 454
431 457
431 459
431 469
431 493
431 497
431 498
432 14
432 55
432 63
432 129
432 157
432 165
432 179
432 341
432 375
432 395
432 407
432 424
432 433
432 435
432 437
432 438
432 444
432 445
432 448
432 452
432 455
432 469
432 492
432 497
432 498
433 55
433 100
433 163
433 211
433 264
433 341
433 369
433 371
433 372
433 375
433 377
433 379
433 381
433 389
433 391
433 399
433 402
433 413
433 432
433 436
433 437
433 443
433 449
433 470
433 497
434 2
434 75
434 168
434 300
434 301
434 318
434 350
434 361
434 370
434 371
434 376
434 382
434 384
434 393
434 411
434 412
434 421
434 436
434 437
434 452
434 455
434 472
434 474
434 486
434 487
435 2
435 33
435 119
435 215
435 226
435 350
435 362
435 395
435 406
435 417
435 418
435 432
435 443
435 448
435 453
436 3
436 55
436 127
436 172
436 184
436 205
436 219
436 249
436 261
436 274
436 335
436 383
436 399
436 401
436 423
436 424
436 433
436 434
436 441
436 470
436 480
436 481
436 492
436 493
436 497
437 27
437 30
437 100
437 129
437 165
437 176
437 210
437 255
437 304
437 306
437 323
437 366
437 385
437 401
437 402
437 431
437 432
437 433
437 434
437 441
437 444
437 469
437 480
437 481
437 493
438 17
438 108
438 148
438 156
438 184
438 234
438 245
438 269
438 390
438 395
438 418
438 432
438 443
438 448
438 489
439 2
439 104
439 294
439 319
439 327
439 330
439 333
439 338
439 370
439 376
439 380
439 382
439 393
439 400
439 409
439 424
439 428
439 455
439 461
439 473
439 477
439 478
439 487
439 491
439 493
440 38
440 81
440 143
440 175
440 217
440 247
440 248
440 260
440 279
440 297
440 307
440 324
440 325
440 347
440 376
440 381
440 404
440 411
440 419
440 429
440 445
440 454
440 473
440 477
440 480
441 7
441 43
441 81
441 178
441 214
441 228
441 229
441 241
441 298
441 310
441 325
441 333
441 352
441 370
441 376
441 393
441 401
441 436
441 437
441 455
441 457
441 461
441 464
441 473
441 477
442 17
442 60
442 108
442 148
442 156
442 201
442 244
442 245
442 253
442 255
442 256
442 257
442 330
442 464
443 35
443 59
443 63
443 100
443 129
443 165
443 335
443 345
443 355
443 365
443 395
443 407
443 431
443 433
443 435
443 438
443 444
443 445
443 448
443 452
443 455
443 469
443 470
443 483
443 493
444 51
444 77
444 87
444 97
444 129
444 160
444 220
444 255
444 310
444 377
444 389
444 397
444 398
444 412
444 419
444 432
444 437
444 443
444 454
444 459
444 469
444 481
444 492
444 497
444 498
445 2
445 71
445 75
445 81
445 83
445 186
445 300
445 336
445 370
445 371
445 381
445 384
445 395
445 404
445 411
445 421
445 432
445 440
445 443
445 448
445 472
445 476
445 477
445 486
445 487
445 495
446 11
446 124
446 134
446 167
446 174
446 205
446 210
446 263
446 274
446 275
446 426
446 449
446 462
446 464
446 467
446 472
446 487
446 498
447 42
447 114
447 151
447 216
447 268
447 284
447 308
447 339
447 353
447 378
447 389
447 392
447 404
447 417
447 419
447 431
447 471
447 476
447 482
448 73
448 100
448 126
448 166
448 188
448 249
448 251
448 289
448 302
448 334
448 385
448 402
448 407
448 423
448 432
448 435
448 438
448 443
448 445
448 455
448 469
448 476
448 481
448 492
448 493
448 497
449 8
449 37
449 54
449 65
449 100
449 155
449 220
449 263
449 322
449 341
449 345
449 352
449 366
449 398
449 402
449 407
449 410
449 433
449 446
449 451
449 453
449 469
449 473
449 481
449 493
449 498
450 29
450 39
450 125
450 190
450 247
450 250
450 315
450 403
450 407
450 412
450 415
450 453
450 454
451 71
451 75
451 81
451 101
451 118
451 132
451 300
451 318
451 320
451 338
451 370
451 371
451 382
451 390
451 397
451 407
451 410
451 411
451 426
451 449
451 460
451 464
451 477
451 486
451 488
451 495
452 63
452 77
452 100
452 131
452 157
452 177
452 277
452 281
452 297
452 302
452 306
452 323
452 361
452 375
452 413
452 426
452 428
452 432
452 434
452 443
452 480
452 492
452 493
453 91
453 105
453 168
453 231
453 336
453 376
453 397
453 406
453 407
453 435
453 449
453 450
453 496
454 71
454 178
454 216
454 226
454 230
454 231
454 286
454 337
454 350
454 362
454 370
454 371
454 380
454 406
454 415
454 417
454 431
454 440
454 444
454 450
455 7
455 81
455 128
455 153
455 292
455 293
455 358
455 382
455 412
455 419
455 420
455 429
455 430
455 432
455 434
455 439
455 441
455 443
455 448
455 470
455 473
455 475
455 476
455 477
455 486
455 489
455 495
456 15
456 25
456 40
456 45
456 53
456 90
456 150
456 153
456 162
456 198
456 232
456 250
456 256
456 314
456 348
456 353
456 361
456 392
456 407
456 414
456 469
456 471
456 473
456 490
456 492
456 494
456 499
457 51
457 65
457 100
457 127
457 129
457 155
457 209
457 210
457 220
457 263
457 275
457 334
457 335
457 346
457 356
457 431
457 441
457 460
457 469
457 470
457 471
457 474
457 481
457 485
457 492
457 497
457 498
458 36
458 65
458 100
458 127
458 155
458 210
458 274
458 289
458 317
458 322
458 334
458 340
458 346
458 397
458 422
458 463
458 465
458 469
458 470
458 477
458 485
458 492
458 493
458 498
458 499
459 15
459 45
459 96
459 162
459 198
459 214
459 243
459 342
459 348
459 351
459 359
459 368
459 378
459 388
459 391
459 392
459 403
459 405
459 407
459 414
459 415
459 431
459 444
459 463
459 490
459 494
459 499
460 4
460 54
460 65
460 156
460 230
460 239
460 245
460 349
460 356
460 375
460 390
460 409
460 451
460 457
461 40
461 71
461 81
461 104
461 119
461 123
461 178
461 203
461 205
461 206
461 210
461 214
461 229
461 260
461 286
461 293
461 294
461 310
461 319
461 352
461 439
461 441
461 474
461 477
461 486
461 488
461 495
462 7
462 15
462 102
462 108
462 143
462 144
462 215
462 291
462 294
462 320
462 381
462 419
462 430
462 446
462 470
462 476
462 497
462 498
463 39
463 40
463 90
463 94
463 132
463 198
463 239
463 253
463 290
463 304
463 307
463 339
463 348
463 373
463 374
463 386
463 408
463 418
463 458
463 459
463 465
463 471
463 477
463 499
464 75
464 112
464 115
464 128
464 244
464 330
464 441
464 442
464 446
464 451
464 470
464 476
464 489
464 497
464 498
465 15
465 19
465 31
465 53
465 80
465 94
465 198
465 227
465 256
465 301
465 314
465 348
465 353
465 361
465 379
465 386
465 414
465 458
465 463
465 477
465 478
465 482
465 490
465 499
466 35
466 64
466 176
466 277
466 281
466 322
466 335
466 355
466 389
466 398
466 477
466 479
466 482
466 486
466 495
466 496
467 216
467 218
467 236
467 237
467 247
467 268
467 284
467 307
467 339
467 354
467 416
467 446
467 482
467 487
467 491
467 497
467 498
468 71
468 93
468 102
468 105
468 178
468 186
468 193
468 222
468 229
468 244
468 302
468 309
468 326
468 329
468 352
468 362
468 380
468 409
468 485
468 492
469 55
469 63
469 65
469 100
469 155
469 163
469 251
469 285
469 322
469 345
469 347
469 365
469 384
469 389
469 431
469 432
469 437
469 443
469 444
469 448
469 449
469 456
469 457
469 458
469 470
469 473
469 481
469 485
469 488
469 493
470 55
470 65
470 100
470 123
470 130
470 155
470 163
470 172
470 210
470 233
470 271
470 285
470 306
470 322
470 341
470 422
470 433
470 436
470 443
470 455
470 457
470 458
470 462
470 464
470 469
470 472
470 476
470 481
470 493
471 15
471 31
471 34
471 49
471 53
471 94
471 177
471 198
471 235
471 252
471 256
471 273
471 282
471 283
471 348
471 353
471 361
471 414
471 422
471 447
471 456
471 457
471 463
471 474
471 478
471 489
471 490
471 494
471 499
472 44
472 54
472 81
472 145
472 207
472 225
472 248
472 259
472 262
472 265
472 292
472 311
472 349
472 376
472 393
472 429
472 434
472 445
472 446
472 470
472 473
472 474
472 475
472 477
472 486
472 487
472 491
472 497
472 498
473 9
473 75
473 81
473 83
473 84
473 104
473 127
473 153
473 207
473 241
473 252
473 281
473 376
473 397
473 419
473 439
473 440
473 441
473 449
473 455
473 456
473 469
473 472
473 474
473 475
473 477
473 480
473 488
473 495
474 7
474 75
474 128
474 149
474 178
474 191
474 283
474 336
474 358
474 376
474 401
474 404
474 409
474 411
474 412
474 419
474 420
474 422
474 426
474 429
474 430
474 434
474 457
474 461
474 471
474 472
474 473
474 486
474 495
475 81
475 84
475 96
475 100
475 180
475 182
475 184
475 193
475 211
475 213
475 228
475 237
475 286
475 294
475 318
475 327
475 333
475 338
475 370
475 376
475 393
475 455
475 472
475 473
475 477
475 487
475 489
475 494
475 495
476 19
476 48
476 111
476 216
476 315
476 329
476 342
476 356
476 394
476 445
476 447
476 448
476 455
476 462
476 464
476 470
476 484
477 67
477 78
477 81
477 103
477 104
477 115
477 122
477 191
477 217
477 330
477 376
477 421
477 439
477 440
477 441
477 445
477 451
477 455
477 458
477 461
477 463
477 465
477 466
477 472
477 473
477 475
477 479
477 482
477 486
477 495
478 13
478 40
478 69
478 90
478 159
478 222
478 342
478 351
478 359
478 360
478 361
478 388
478 391
478 392
478 424
478 428
478 439
478 465
478 471
478 481
478 493
479 13
479 50
479 95
479 145
479 283
479 348
479 354
479 388
479 466
479 477
479 483
479 484
479 486
479 495
479 496
480 2
480 22
480 75
480 81
480 113
480 258
480 272
480 298
480 300
480 366
480 370
480 371
480 376
480 381
480 384
480 390
480 404
480 411
480 412
480 426
480 436
480 437
480 440
480 452
480 473
480 481
480 486
480 489
480 495
481 36
481 55
481 100
481 161
481 165
481 203
481 210
481 219
481 274
481 279
481 341
481 361
481 375
481 377
481 389
481 398
481 407
481 426
481 436
481 437
481 444
481 448
481 449
481 457
481 469
481 470
481 478
481 480
481 485
481 498
482 58
482 284
482 287
482 290
482 298
482 315
482 339
482 373
482 378
482 447
482 465
482 466
482 467
482 477
482 483
482 486
482 495
482 496
483 117
483 167
483 172
483 179
483 205
483 219
483 249
483 261
483 267
483 285
483 366
483 383
483 389
483 407
483 443
483 479
483 482
483 486
483 490
483 495
483 496
484 29
484 39
484 94
484 196
484 250
484 286
484 293
484 300
484 403
484 422
484 476
484 479
484 485
484 491
484 492
485 46
485 55
485 65
485 67
485 100
485 155
485 210
485 285
485 293
485 300
485 309
485 322
485 341
485 372
485 385
485 398
485 399
485 402
485 410
485 413
485 422
485 425
485 457
485 458
485 468
485 469
485 481
485 484
485 492
485 493
485 497
486 81
486 84
486 122
486 152
486 153
486 194
486 197
486 241
486 258
486 305
486 358
486 411
486 429
486 434
486 445
486 451
486 455
486 461
486 466
486 472
486 474
486 477
486 479
486 480
486 482
486 483
486 487
486 488
486 490
486 495
486 500
487 3
487 7
487 85
487 122
487 128
487 144
487 178
487 350
487 358
487 376
487 404
487 409
487 412
487 419
487 420
487 426
487 429
487 430
487 434
487 439
487 445
487 446
487 467
487 472
487 475
487 486
487 489
487 491
487 495
487 497
487 498
488 38
488 84
488 104
488 107
488 113
488 115
488 191
488 214
488 241
488 243
488 289
488 331
488 336
488 376
488 380
488 381
488 382
488 390
488 409
488 417
488 421
488 424
488 428
488 451
488 461
488 469
488 473
488 486
488 489
488 493
488 495
489 65
489 81
489 84
489 122
489 128
489 168
489 180
489 183
489 187
489 191
489 205
489 241
489 270
489 328
489 333
489 358
489 362
489 375
489 376
489 417
489 420
489 438
489 455
489 464
489 471
489 475
489 480
489 487
489 488
489 495
489 497
490 15
490 39
490 40
490 53
490 94
490 96
490 159
490 177
490 185
490 198
490 208
490 224
490 239
490 253
490 283
490 290
490 298
490 303
490 348
490 376
490 414
490 456
490 459
490 465
490 471
490 483
490 486
490 495
490 496
490 499
490 500
491 14
491 18
491 52
491 63
491 123
491 233
491 281
491 293
491 297
491 439
491 467
491 472
491 484
491 487
492 55
492 63
492 65
492 100
492 155
492 163
492 165
492 210
492 293
492 300
492 309
492 341
492 375
492 389
492 399
492 402
492 407
492 422
492 432
492 436
492 444
492 448
492 452
492 456
492 457
492 458
492 468
492 484
492 485
492 493
492 500
493 55
493 62
493 63
493 64
493 100
493 119
493 129
493 210
493 238
493 265
493 341
493 384
493 389
493 397
493 422
493 431
493 436
493 437
493 439
493 443
493 448
493 449
493 452
493 458
493 469
493 470
493 478
493 485
493 488
493 492
493 498
494 17
494 18
494 39
494 40
494 53
494 94
494 198
494 211
494 235
494 239
494 253
494 284
494 288
494 290
494 304
494 343
494 348
494 362
494 388
494 391
494 392
494 405
494 408
494 410
494 418
494 421
494 456
494 459
494 471
494 475
494 499
495 42
495 83
495 84
495 93
495 214
495 241
495 272
495 357
495 376
495 387
495 411
495 429
495 445
495 451
495 455
495 461
495 466
495 473
495 474
495 475
495 477
495 479
495 480
495 482
495 483
495 486
495 487
495 488
495 489
495 490
495 500
496 4
496 23
496 54
496 135
496 157
496 245
496 276
496 312
496 453
496 466
496 479
496 482
496 483
496 490
496 500
497 55
497 100
497 155
497 163
497 164
497 165
497 174
497 210
497 341
497 366
497 375
497 397
497 398
497 399
497 407
497 413
497 431
497 432
497 433
497 436
497 444
497 448
497 457
497 462
497 464
497 467
497 472
497 485
497 487
497 489
497 498
498 55
498 63
498 64
498 117
498 124
498 126
498 155
498 163
498 165
498 210
498 220
498 319
498 323
498 341
498 375
498 389
498 413
498 431
498 432
498 444
498 446
498 449
498 457
498 458
498 462
498 464
498 467
498 472
498 481
498 487
498 493
498 497
499 15
499 40
499 53
499 80
499 94
499 96
499 162
499 198
499 237
499 239
499 253
499 290
499 304
499 348
499 408
499 410
499 414
499 418
499 456
499 458
499 459
499 463
499 465
499 471
499 490
499 494
500 46
500 136
500 211
500 250
500 267
500 285
500 341
500 346
500 376
500 430
500 486
500 490
500 492
500 495
500 496
