0.34 0.46 0.15 -0.02 0.09 0.29 -0.54 0.15 0.4 -0.65 -0.17 0.13 0.3 0.01 0.15 0.03 0.24 -0.57 0.13 -0.09 0.37 -0.42 0.3 -0.12 -0.32 -0.01 0.17 0.08 0.11 -0.62 0.28 -0.19 0.05 0.04 0.03 -0.27 -0.18 -0.37 -0.85 0.0 -0.14 0.23 0.58 0.42 -0.26 -0.72 0.1 0.62 0.07 -0.58 -0.31 0.83 -0.37 0.54 -0.35 -0.57 -0.33 -0.05 -0.74 0.09 -0.48 0.13 -0.43 0.5 -0.33 0.1 0.07 0.52 -0.42 -0.16 -0.27 -0.47 -0.32 0.08 -0.15 0.29 -0.24 0.55 0.3 0.63 -0.77 0.74 0.16 0.34 -0.29 -0.31 0.04 0.16 0.85 0.26 0.2 -0.17 0.08 -0.45 -0.06 -0.27 -0.38 -0.42 0.27 -0.34 0.49 -0.47 -0.49 0.3 0.17 -0.35 -0.09 0.54 -0.08 0.2 0.28 0.27 0.34 0.07 0.0 0.55 0.19 0.26 -0.21 0.14 0.13 0.19 -0.34 0.49 -0.27 0.53 -0.65 -0.23
0.0 0.0 0.0 0.0 0.0 0.0 0.0 0.0 0.0 0.0 0.0 0.0 0.0 0.0 0.0 0.0 0.0 0.0 0.0 0.0 0.0 0.0 0.0 0.0 0.0 0.0 0.0 0.0 0.0 0.0 0.0 0.0 0.0 0.0 0.0 0.0 0.0 0.0 0.0 0.0 0.0 0.0 0.0 0.0 0.0 0.0 0.0 0.0 0.0 0.0 0.0 0.0 0.0 0.0 0.0 0.0 0.0 0.0 0.0 0.0 0.0 0.0 0.0 0.0 0.0 0.0 0.0 0.0 0.0 0.0 0.0 0.0 0.0 0.0 0.0 0.0 0.0 0.0 0.0 0.0 0.0 0.0 0.0 0.0 0.0 0.0 0.0 0.0 0.0 0.0 0.0 0.0 0.0 0.0 0.0 0.0 0.0 0.0 0.0 0.0 0.0 0.0 0.0 0.0 0.0 0.0 0.0 0.0 0.0 0.0 0.0 0.0 0.0 0.0 0.0 0.0 0.0 0.0 0.0 0.0 0.0 0.0 0.0 0.0 0.0 0.0 0.0 0.0
0.0 0.0 0.0 0.0 0.0 0.0 0.0 0.0 0.0 0.0 0.0 0.0 0.0 0.0 0.0 0.0 0.0 0.0 0.0 0.0 0.0 0.0 0.0 0.0 0.0 0.0 0.0 0.0 0.0 0.0 0.0 0.0 0.0 0.0 0.0 0.0 0.0 0.0 0.0 0.0 0.0 0.0 0.0 0.0 0.0 0.0 0.0 0.0 0.0 0.0 0.0 0.0 0.0 0.0 0.0 0.0 0.0 0.0 0.0 0.0 0.0 0.0 0.0 0.0 0.0 0.0 0.0 0.0 0.0 0.0 0.0 0.0 0.0 0.0 0.0 0.0 0.0 0.0 0.0 0.0 0.0 0.0 0.0 0.0 0.0 0.0 0.0 0.0 0.0 0.0 0.0 0.0 0.0 0.0 0.0 0.0 0.0 0.0 0.0 0.0 0.0 0.0 0.0 0.0 0.0 0.0 0.0 0.0 0.0 0.0 0.0 0.0 0.0 0.0 0.0 0.0 0.0 0.0 0.0 0.0 0.0 0.0 0.0 0.0 0.0 0.0 0.0 0.0
0.0 0.0 0.0 0.0 0.0 0.0 0.0 0.0 0.0 0.0 0.0 0.0 0.0 0.0 0.0 0.0 0.0 0.0 0.0 0.0 0.0 0.0 0.0 0.0 0.0 0.0 0.0 0.0 0.0 0.0 0.0 0.0 0.0 0.0 0.0 0.0 0.0 0.0 0.0 0.0 0.0 0.0 0.0 0.0 0.0 0.0 0.0 0.0 0.0 0.0 0.0 0.0 0.0 0.0 0.0 0.0 0.0 0.0 0.0 0.0 0.0 0.0 0.0 0.0 0.0 0.0 0.0 0.0 0.0 0.0 0.0 0.0 0.0 0.0 0.0 0.0 0.0 0.0 0.0 0.0 0.0 0.0 0.0 0.0 0.0 0.0 0.0 0.0 0.0 0.0 0.0 0.0 0.0 0.0 0.0 0.0 0.0 0.0 0.0 0.0 0.0 0.0 0.0 0.0 0.0 0.0 0.0 0.0 0.0 0.0 0.0 0.0 0.0 0.0 0.0 0.0 0.0 0.0 0.0 0.0 0.0 0.0 0.0 0.0 0.0 0.0 0.0 0.0
0.33 0.43 0.12 -0.06 0.07 0.29 -0.5 0.19 0.42 -0.64 -0.16 0.16 0.27 0.0 0.15 0.02 0.24 -0.56 0.2 -0.08 0.41 -0.49 0.29 -0.08 -0.29 -0.05 0.16 0.07 0.11 -0.59 0.29 -0.21 0.04 0.05 0.05 -0.26 -0.17 -0.38 -0.82 -0.01 -0.14 0.23 0.6 0.44 -0.25 -0.72 0.13 0.59 0.1 -0.63 -0.3 0.83 -0.38 0.53 -0.4 -0.53 -0.37 -0.09 -0.73 0.11 -0.45 0.15 -0.43 0.51 -0.36 0.11 0.06 0.5 -0.39 -0.14 -0.25 -0.49 -0.34 0.04 -0.2 0.3 -0.26 0.57 0.28 0.61 -0.76 0.73 0.16 0.34 -0.27 -0.29 0.05 0.13 0.86 0.25 0.19 -0.19 0.06 -0.44 -0.07 -0.27 -0.35 -0.43 0.29 -0.33 0.48 -0.46 -0.51 0.25 0.16 -0.3 -0.09 0.51 -0.08 0.19 0.22 0.26 0.33 0.12 -0.04 0.59 0.2 0.26 -0.18 0.13 0.11 0.19 -0.36 0.49 -0.27 0.53 -0.65 -0.2
0.13 0.35 -0.29 -0.56 -0.76 0.31 -0.61 0.02 0.44 -0.47 0.2 -0.37 0.6 0.01 0.61 -0.24 0.25 -0.24 0.29 -0.17 -0.52 -0.38 -0.08 0.75 0.21 -0.08 -0.01 -0.09 0.28 -0.04 0.33 -0.27 0.24 -0.07 -0.32 -0.53 0.28 0.02 -0.49 0.07 0.13 0.34 0.05 0.09 -0.07 -0.97 -0.51 0.65 0.32 -0.47 -0.26 0.36 -0.06 0.2 -0.08 -0.61 -0.32 0.17 -0.44 0.08 -0.14 0.35 -0.6 -0.15 0.37 0.49 0.7 0.18 -0.6 0.13 -0.52 -0.55 0.57 0.25 -0.5 0.16 -0.34 0.35 0.61 0.1 -0.21 0.84 -0.01 0.36 -0.37 -0.52 0.36 0.18 0.64 0.42 -0.04 -0.19 -0.33 0.08 0.42 0.05 0.32 -0.15 0.62 -0.19 0.06 -0.72 -0.21 0.23 -0.08 0.07 -0.48 0.32 0.09 0.2 0.18 -0.07 0.11 0.2 0.03 0.48 -0.05 0.01 -0.42 0.63 -0.05 -0.08 0.0 0.18 0.5 0.27 -0.03 -0.14
0.0 0.0 0.0 0.0 0.0 0.0 0.0 0.0 0.0 0.0 0.0 0.0 0.0 0.0 0.0 0.0 0.0 0.0 0.0 0.0 0.0 0.0 0.0 0.0 0.0 0.0 0.0 0.0 0.0 0.0 0.0 0.0 0.0 0.0 0.0 0.0 0.0 0.0 0.0 0.0 0.0 0.0 0.0 0.0 0.0 0.0 0.0 0.0 0.0 0.0 0.0 0.0 0.0 0.0 0.0 0.0 0.0 0.0 0.0 0.0 0.0 0.0 0.0 0.0 0.0 0.0 0.0 0.0 0.0 0.0 0.0 0.0 0.0 0.0 0.0 0.0 0.0 0.0 0.0 0.0 0.0 0.0 0.0 0.0 0.0 0.0 0.0 0.0 0.0 0.0 0.0 0.0 0.0 0.0 0.0 0.0 0.0 0.0 0.0 0.0 0.0 0.0 0.0 0.0 0.0 0.0 0.0 0.0 0.0 0.0 0.0 0.0 0.0 0.0 0.0 0.0 0.0 0.0 0.0 0.0 0.0 0.0 0.0 0.0 0.0 0.0 0.0 0.0
0.0 0.0 0.0 0.0 0.0 0.0 0.0 0.0 0.0 0.0 0.0 0.0 0.0 0.0 0.0 0.0 0.0 0.0 0.0 0.0 0.0 0.0 0.0 0.0 0.0 0.0 0.0 0.0 0.0 0.0 0.0 0.0 0.0 0.0 0.0 0.0 0.0 0.0 0.0 0.0 0.0 0.0 0.0 0.0 0.0 0.0 0.0 0.0 0.0 0.0 0.0 0.0 0.0 0.0 0.0 0.0 0.0 0.0 0.0 0.0 0.0 0.0 0.0 0.0 0.0 0.0 0.0 0.0 0.0 0.0 0.0 0.0 0.0 0.0 0.0 0.0 0.0 0.0 0.0 0.0 0.0 0.0 0.0 0.0 0.0 0.0 0.0 0.0 0.0 0.0 0.0 0.0 0.0 0.0 0.0 0.0 0.0 0.0 0.0 0.0 0.0 0.0 0.0 0.0 0.0 0.0 0.0 0.0 0.0 0.0 0.0 0.0 0.0 0.0 0.0 0.0 0.0 0.0 0.0 0.0 0.0 0.0 0.0 0.0 0.0 0.0 0.0 0.0
0.03 0.16 -0.39 -0.52 -0.18 0.03 0.11 -0.01 0.24 -0.51 -0.4 -0.25 -0.16 -0.23 0.33 0.15 0.18 0.29 0.64 0.23 -0.16 -0.5 0.04 0.03 -0.54 -0.21 -0.18 0.22 -0.22 -0.59 0.03 -0.14 -0.04 0.06 0.08 -0.2 0.3 -0.61 0.13 -0.25 -0.25 0.17 0.29 -0.3 0.33 -0.15 0.31 0.44 -0.06 -0.19 -0.32 0.29 -0.46 0.25 -0.34 -0.38 -0.43 -0.08 -0.66 -0.29 0.47 0.31 0.4 0.06 0.12 -0.33 -0.01 0.19 -0.05 -0.16 0.12 -0.28 -0.06 0.26 -0.2 -0.26 0.0 -0.1 0.37 -0.15 0.12 0.08 0.34 -0.15 -0.04 0.12 -0.78 0.16 0.26 -0.67 0.2 0.29 0.42 -0.06 0.24 0.03 0.12 -0.56 0.23 -0.05 -0.28 -0.39 0.09 -0.14 -0.23 -0.21 0.01 0.1 -0.29 -0.6 -0.01 -0.42 0.25 0.81 0.06 0.13 0.0 -0.29 -0.13 -0.17 0.15 -0.06 0.05 0.05 0.25 0.05 0.0 0.09
0.0 0.0 0.0 0.0 0.0 0.0 0.0 0.0 0.0 0.0 0.0 0.0 0.0 0.0 0.0 0.0 0.0 0.0 0.0 0.0 0.0 0.0 0.0 0.0 0.0 0.0 0.0 0.0 0.0 0.0 0.0 0.0 0.0 0.0 0.0 0.0 0.0 0.0 0.0 0.0 0.0 0.0 0.0 0.0 0.0 0.0 0.0 0.0 0.0 0.0 0.0 0.0 0.0 0.0 0.0 0.0 0.0 0.0 0.0 0.0 0.0 0.0 0.0 0.0 0.0 0.0 0.0 0.0 0.0 0.0 0.0 0.0 0.0 0.0 0.0 0.0 0.0 0.0 0.0 0.0 0.0 0.0 0.0 0.0 0.0 0.0 0.0 0.0 0.0 0.0 0.0 0.0 0.0 0.0 0.0 0.0 0.0 0.0 0.0 0.0 0.0 0.0 0.0 0.0 0.0 0.0 0.0 0.0 0.0 0.0 0.0 0.0 0.0 0.0 0.0 0.0 0.0 0.0 0.0 0.0 0.0 0.0 0.0 0.0 0.0 0.0 0.0 0.0
0.0 0.0 0.0 0.0 0.0 0.0 0.0 0.0 0.0 0.0 0.0 0.0 0.0 0.0 0.0 0.0 0.0 0.0 0.0 0.0 0.0 0.0 0.0 0.0 0.0 0.0 0.0 0.0 0.0 0.0 0.0 0.0 0.0 0.0 0.0 0.0 0.0 0.0 0.0 0.0 0.0 0.0 0.0 0.0 0.0 0.0 0.0 0.0 0.0 0.0 0.0 0.0 0.0 0.0 0.0 0.0 0.0 0.0 0.0 0.0 0.0 0.0 0.0 0.0 0.0 0.0 0.0 0.0 0.0 0.0 0.0 0.0 0.0 0.0 0.0 0.0 0.0 0.0 0.0 0.0 0.0 0.0 0.0 0.0 0.0 0.0 0.0 0.0 0.0 0.0 0.0 0.0 0.0 0.0 0.0 0.0 0.0 0.0 0.0 0.0 0.0 0.0 0.0 0.0 0.0 0.0 0.0 0.0 0.0 0.0 0.0 0.0 0.0 0.0 0.0 0.0 0.0 0.0 0.0 0.0 0.0 0.0 0.0 0.0 0.0 0.0 0.0 0.0
0.26 -0.37 -0.38 -0.54 -0.75 0.26 0.25 0.63 0.68 -0.35 0.07 0.28 -0.18 -0.05 0.37 0.04 -0.07 -0.3 0.71 -0.03 0.06 -0.86 0.09 0.74 0.09 -0.56 0.01 0.24 -0.3 -0.18 0.05 -0.3 -0.27 0.52 0.18 -0.45 0.32 0.07 -0.04 0.13 -0.02 0.49 0.1 0.25 -0.24 -0.34 -0.11 0.14 0.47 -0.91 -0.09 0.36 -0.36 -0.07 -0.71 -0.17 -0.36 0.13 -0.35 0.4 0.16 0.47 -0.4 0.71 -0.3 0.56 0.21 0.52 -0.21 0.3 0.29 -0.5 0.25 -0.24 -0.57 0.01 0.23 0.24 0.33 0.15 -0.35 0.26 -0.05 0.21 0.0 -0.44 -0.01 -0.43 0.63 0.2 -0.35 -0.54 -0.17 -0.19 0.43 0.07 0.16 -0.36 0.16 -0.01 0.21 -0.07 -0.51 -0.47 -0.61 0.11 -0.55 0.1 0.14 0.14 -0.35 0.27 0.16 0.04 0.01 0.52 -0.23 -0.16 -0.01 0.22 0.2 0.04 -0.55 0.29 0.29 0.09 -0.55 -0.11
0.0 0.0 0.0 0.0 0.0 0.0 0.0 0.0 0.0 0.0 0.0 0.0 0.0 0.0 0.0 0.0 0.0 0.0 0.0 0.0 0.0 0.0 0.0 0.0 0.0 0.0 0.0 0.0 0.0 0.0 0.0 0.0 0.0 0.0 0.0 0.0 0.0 0.0 0.0 0.0 0.0 0.0 0.0 0.0 0.0 0.0 0.0 0.0 0.0 0.0 0.0 0.0 0.0 0.0 0.0 0.0 0.0 0.0 0.0 0.0 0.0 0.0 0.0 0.0 0.0 0.0 0.0 0.0 0.0 0.0 0.0 0.0 0.0 0.0 0.0 0.0 0.0 0.0 0.0 0.0 0.0 0.0 0.0 0.0 0.0 0.0 0.0 0.0 0.0 0.0 0.0 0.0 0.0 0.0 0.0 0.0 0.0 0.0 0.0 0.0 0.0 0.0 0.0 0.0 0.0 0.0 0.0 0.0 0.0 0.0 0.0 0.0 0.0 0.0 0.0 0.0 0.0 0.0 0.0 0.0 0.0 0.0 0.0 0.0 0.0 0.0 0.0 0.0
0.28 -0.38 -0.42 -0.57 -0.81 0.25 0.23 0.63 0.72 -0.37 0.09 0.25 -0.17 -0.04 0.4 0.05 -0.07 -0.32 0.71 -0.03 -0.01 -0.85 0.1 0.8 0.09 -0.56 0.02 0.27 -0.32 -0.18 0.02 -0.3 -0.3 0.51 0.17 -0.48 0.35 0.1 -0.04 0.15 -0.01 0.51 0.07 0.21 -0.23 -0.37 -0.15 0.16 0.47 -0.92 -0.11 0.35 -0.36 -0.08 -0.7 -0.21 -0.33 0.16 -0.37 0.42 0.16 0.46 -0.41 0.72 -0.25 0.6 0.26 0.55 -0.22 0.31 0.29 -0.51 0.3 -0.21 -0.56 -0.03 0.27 0.23 0.35 0.17 -0.34 0.28 -0.05 0.22 -0.02 -0.49 0.0 -0.41 0.66 0.22 -0.37 -0.56 -0.15 -0.19 0.48 0.07 0.16 -0.36 0.14 0.03 0.21 -0.08 -0.49 -0.46 -0.64 0.08 -0.59 0.1 0.13 0.13 -0.31 0.26 0.18 0.0 0.05 0.51 -0.26 -0.17 -0.02 0.26 0.21 0.04 -0.53 0.29 0.35 0.1 -0.56 -0.12
-0.07 0.02 0.42 -0.38 -0.08 -0.03 0.26 0.17 0.68 -0.49 -0.24 0.33 -0.17 -0.13 -0.02 -0.24 0.0 -0.19 0.85 0.18 0.65 -0.72 0.49 -0.18 0.07 -0.51 -0.11 -0.37 -0.05 -0.29 0.25 -0.39 -0.03 0.05 -0.36 -0.48 -0.01 -0.26 -0.28 0.09 -0.24 0.42 0.61 0.61 -0.07 -0.17 0.2 -0.24 0.2 -0.93 -0.43 0.43 -0.35 0.56 -0.53 -0.05 -0.86 -0.22 -0.82 -0.22 0.09 0.39 0.32 0.29 0.37 0.12 0.2 0.11 -0.2 -0.12 0.31 -0.28 -0.36 -0.24 -0.56 0.17 -0.1 0.0 -0.05 0.21 -0.48 -0.44 0.07 -0.12 0.48 -0.39 -0.54 -0.33 0.65 -0.3 0.58 0.21 0.46 -0.55 -0.3 0.01 0.3 -0.05 0.51 -0.25 0.1 -0.76 -0.23 -0.38 -0.23 0.04 0.38 0.35 0.07 -0.27 -0.33 0.06 0.06 0.56 -0.34 0.15 0.22 0.28 -0.17 0.23 0.35 -0.05 -0.09 0.0 -0.34 -0.54 -0.36 0.16
-0.04 0.01 0.41 -0.41 -0.12 -0.01 0.23 0.22 0.71 -0.53 -0.22 0.35 -0.15 -0.14 0.01 -0.25 0.0 -0.22 0.89 0.16 0.68 -0.78 0.49 -0.13 0.09 -0.53 -0.09 -0.38 -0.02 -0.29 0.28 -0.41 -0.02 0.07 -0.36 -0.49 0.01 -0.25 -0.33 0.11 -0.23 0.43 0.63 0.65 -0.08 -0.24 0.21 -0.22 0.23 -1.0 -0.45 0.49 -0.37 0.59 -0.58 -0.07 -0.88 -0.24 -0.85 -0.19 0.07 0.41 0.27 0.33 0.33 0.15 0.22 0.14 -0.21 -0.1 0.28 -0.32 -0.36 -0.27 -0.6 0.2 -0.13 0.06 -0.03 0.23 -0.52 -0.38 0.08 -0.1 0.47 -0.42 -0.5 -0.34 0.72 -0.26 0.57 0.16 0.43 -0.57 -0.29 -0.01 0.31 -0.08 0.53 -0.26 0.13 -0.79 -0.28 -0.38 -0.24 0.05 0.35 0.36 0.07 -0.26 -0.34 0.07 0.05 0.58 -0.37 0.21 0.22 0.28 -0.16 0.25 0.35 -0.02 -0.12 0.03 -0.34 -0.5 -0.39 0.14
0.0 0.0 0.0 0.0 0.0 0.0 0.0 0.0 0.0 0.0 0.0 0.0 0.0 0.0 0.0 0.0 0.0 0.0 0.0 0.0 0.0 0.0 0.0 0.0 0.0 0.0 0.0 0.0 0.0 0.0 0.0 0.0 0.0 0.0 0.0 0.0 0.0 0.0 0.0 0.0 0.0 0.0 0.0 0.0 0.0 0.0 0.0 0.0 0.0 0.0 0.0 0.0 0.0 0.0 0.0 0.0 0.0 0.0 0.0 0.0 0.0 0.0 0.0 0.0 0.0 0.0 0.0 0.0 0.0 0.0 0.0 0.0 0.0 0.0 0.0 0.0 0.0 0.0 0.0 0.0 0.0 0.0 0.0 0.0 0.0 0.0 0.0 0.0 0.0 0.0 0.0 0.0 0.0 0.0 0.0 0.0 0.0 0.0 0.0 0.0 0.0 0.0 0.0 0.0 0.0 0.0 0.0 0.0 0.0 0.0 0.0 0.0 0.0 0.0 0.0 0.0 0.0 0.0 0.0 0.0 0.0 0.0 0.0 0.0 0.0 0.0 0.0 0.0
0.0 0.0 0.0 0.0 0.0 0.0 0.0 0.0 0.0 0.0 0.0 0.0 0.0 0.0 0.0 0.0 0.0 0.0 0.0 0.0 0.0 0.0 0.0 0.0 0.0 0.0 0.0 0.0 0.0 0.0 0.0 0.0 0.0 0.0 0.0 0.0 0.0 0.0 0.0 0.0 0.0 0.0 0.0 0.0 0.0 0.0 0.0 0.0 0.0 0.0 0.0 0.0 0.0 0.0 0.0 0.0 0.0 0.0 0.0 0.0 0.0 0.0 0.0 0.0 0.0 0.0 0.0 0.0 0.0 0.0 0.0 0.0 0.0 0.0 0.0 0.0 0.0 0.0 0.0 0.0 0.0 0.0 0.0 0.0 0.0 0.0 0.0 0.0 0.0 0.0 0.0 0.0 0.0 0.0 0.0 0.0 0.0 0.0 0.0 0.0 0.0 0.0 0.0 0.0 0.0 0.0 0.0 0.0 0.0 0.0 0.0 0.0 0.0 0.0 0.0 0.0 0.0 0.0 0.0 0.0 0.0 0.0 0.0 0.0 0.0 0.0 0.0 0.0
0.26 -0.06 0.13 0.26 -0.74 0.28 0.24 0.1 0.03 -0.13 -0.02 -0.1 0.35 -0.29 0.09 -0.04 -0.22 0.16 -0.03 0.37 -0.33 0.42 0.24 -0.26 -0.48 -0.25 -0.21 0.69 0.03 -0.52 -0.07 0.02 0.23 0.39 -0.25 -0.25 0.44 0.22 0.03 0.08 -0.38 0.65 -0.44 0.34 -0.38 0.15 -0.58 0.13 -0.02 0.03 -0.06 0.33 0.09 0.46 0.17 -0.63 -0.24 0.63 -0.09 -0.22 0.02 0.34 -0.13 0.05 0.28 -0.3 0.2 0.36 -0.56 0.14 0.18 0.02 0.44 0.01 -0.02 -0.13 0.35 -0.24 0.46 -0.21 -0.11 -0.21 0.17 -0.1 0.07 -0.12 -0.62 0.11 -0.01 -0.06 -0.07 -0.31 0.2 -0.51 0.4 0.38 0.15 -0.46 0.14 -0.34 0.11 -0.36 -0.12 0.03 -0.21 -0.31 -0.13 0.72 0.34 -0.36 -0.24 0.0 0.28 -0.21 0.42 -0.44 -0.22 -0.29 -0.59 0.42 0.42 -0.23 -0.31 0.12 0.33 -0.35 -0.38 -0.14
0.0 0.0 0.0 0.0 0.0 0.0 0.0 0.0 0.0 0.0 0.0 0.0 0.0 0.0 0.0 0.0 0.0 0.0 0.0 0.0 0.0 0.0 0.0 0.0 0.0 0.0 0.0 0.0 0.0 0.0 0.0 0.0 0.0 0.0 0.0 0.0 0.0 0.0 0.0 0.0 0.0 0.0 0.0 0.0 0.0 0.0 0.0 0.0 0.0 0.0 0.0 0.0 0.0 0.0 0.0 0.0 0.0 0.0 0.0 0.0 0.0 0.0 0.0 0.0 0.0 0.0 0.0 0.0 0.0 0.0 0.0 0.0 0.0 0.0 0.0 0.0 0.0 0.0 0.0 0.0 0.0 0.0 0.0 0.0 0.0 0.0 0.0 0.0 0.0 0.0 0.0 0.0 0.0 0.0 0.0 0.0 0.0 0.0 0.0 0.0 0.0 0.0 0.0 0.0 0.0 0.0 0.0 0.0 0.0 0.0 0.0 0.0 0.0 0.0 0.0 0.0 0.0 0.0 0.0 0.0 0.0 0.0 0.0 0.0 0.0 0.0 0.0 0.0
0.05 0.17 -0.39 -0.46 -0.21 0.04 0.11 -0.03 0.19 -0.45 -0.39 -0.28 -0.13 -0.22 0.33 0.13 0.16 0.32 0.57 0.24 -0.24 -0.41 0.02 0.01 -0.55 -0.18 -0.2 0.25 -0.24 -0.59 -0.01 -0.09 -0.03 0.05 0.09 -0.22 0.3 -0.55 0.17 -0.27 -0.25 0.2 0.22 -0.31 0.28 -0.11 0.22 0.44 -0.08 -0.11 -0.26 0.24 -0.42 0.2 -0.26 -0.41 -0.37 0.01 -0.58 -0.3 0.47 0.31 0.37 0.03 0.15 -0.32 0.01 0.22 -0.09 -0.16 0.13 -0.24 0.02 0.28 -0.14 -0.26 0.04 -0.14 0.4 -0.18 0.14 0.08 0.32 -0.15 -0.07 0.12 -0.77 0.17 0.19 -0.64 0.15 0.28 0.38 -0.03 0.29 0.06 0.11 -0.55 0.21 -0.07 -0.29 -0.34 0.11 -0.14 -0.25 -0.22 -0.01 0.14 -0.23 -0.58 0.0 -0.38 0.24 0.73 0.13 0.06 -0.03 -0.3 -0.18 -0.13 0.16 -0.09 0.06 0.06 0.29 0.03 0.02 0.07
0.13 0.3 -0.32 -0.59 -0.79 0.29 -0.53 0.05 0.44 -0.44 0.21 -0.35 0.55 0.01 0.61 -0.24 0.22 -0.21 0.32 -0.16 -0.52 -0.39 -0.09 0.78 0.22 -0.13 -0.02 -0.08 0.24 -0.01 0.3 -0.27 0.21 -0.04 -0.29 -0.52 0.3 0.05 -0.42 0.08 0.13 0.34 0.02 0.08 -0.06 -0.92 -0.5 0.59 0.32 -0.48 -0.25 0.31 -0.05 0.15 -0.1 -0.56 -0.31 0.19 -0.4 0.1 -0.08 0.35 -0.59 -0.13 0.36 0.5 0.68 0.17 -0.57 0.16 -0.47 -0.53 0.59 0.22 -0.51 0.13 -0.29 0.32 0.59 0.06 -0.17 0.79 -0.01 0.35 -0.35 -0.52 0.35 0.13 0.61 0.4 -0.07 -0.19 -0.33 0.1 0.44 0.07 0.35 -0.15 0.6 -0.17 0.04 -0.67 -0.2 0.17 -0.13 0.09 -0.5 0.29 0.09 0.19 0.13 -0.07 0.1 0.19 0.03 0.47 -0.08 -0.01 -0.39 0.61 -0.04 -0.08 -0.02 0.16 0.52 0.25 -0.03 -0.13
0.0 0.0 0.0 0.0 0.0 0.0 0.0 0.0 0.0 0.0 0.0 0.0 0.0 0.0 0.0 0.0 0.0 0.0 0.0 0.0 0.0 0.0 0.0 0.0 0.0 0.0 0.0 0.0 0.0 0.0 0.0 0.0 0.0 0.0 0.0 0.0 0.0 0.0 0.0 0.0 0.0 0.0 0.0 0.0 0.0 0.0 0.0 0.0 0.0 0.0 0.0 0.0 0.0 0.0 0.0 0.0 0.0 0.0 0.0 0.0 0.0 0.0 0.0 0.0 0.0 0.0 0.0 0.0 0.0 0.0 0.0 0.0 0.0 0.0 0.0 0.0 0.0 0.0 0.0 0.0 0.0 0.0 0.0 0.0 0.0 0.0 0.0 0.0 0.0 0.0 0.0 0.0 0.0 0.0 0.0 0.0 0.0 0.0 0.0 0.0 0.0 0.0 0.0 0.0 0.0 0.0 0.0 0.0 0.0 0.0 0.0 0.0 0.0 0.0 0.0 0.0 0.0 0.0 0.0 0.0 0.0 0.0 0.0 0.0 0.0 0.0 0.0 0.0
0.18 -0.02 -0.26 -0.35 -0.39 -0.03 -0.34 -0.13 0.49 -0.69 -0.07 -0.26 0.04 0.24 0.17 0.23 0.04 -0.15 0.02 -0.12 -0.57 0.24 0.34 0.37 -0.24 0.06 0.26 0.2 -0.17 -0.44 -0.14 -0.22 -0.23 -0.17 -0.42 -0.41 0.26 0.04 -0.38 0.21 -0.01 0.26 -0.13 -0.47 0.28 -0.27 -0.3 0.4 0.01 -0.28 -0.59 0.22 -0.27 0.32 0.12 -0.69 0.06 0.18 -0.61 -0.03 -0.06 -0.21 0.17 0.01 0.67 0.13 0.55 0.34 -0.25 -0.04 -0.22 -0.25 0.46 0.36 0.18 -0.45 0.33 -0.17 0.25 0.34 -0.18 0.03 0.2 0.12 -0.01 -0.58 -0.14 0.28 0.6 0.06 0.25 0.16 0.63 -0.33 0.47 0.1 -0.1 0.1 -0.17 0.28 -0.04 -0.6 0.23 0.42 -0.22 -0.49 -0.14 0.43 -0.25 -0.31 0.66 -0.38 0.24 -0.19 0.2 -0.14 -0.24 -0.13 -0.25 0.31 0.42 -0.03 0.26 -0.25 0.43 -0.22 -0.12 -0.25
0.0 0.0 0.0 0.0 0.0 0.0 0.0 0.0 0.0 0.0 0.0 0.0 0.0 0.0 0.0 0.0 0.0 0.0 0.0 0.0 0.0 0.0 0.0 0.0 0.0 0.0 0.0 0.0 0.0 0.0 0.0 0.0 0.0 0.0 0.0 0.0 0.0 0.0 0.0 0.0 0.0 0.0 0.0 0.0 0.0 0.0 0.0 0.0 0.0 0.0 0.0 0.0 0.0 0.0 0.0 0.0 0.0 0.0 0.0 0.0 0.0 0.0 0.0 0.0 0.0 0.0 0.0 0.0 0.0 0.0 0.0 0.0 0.0 0.0 0.0 0.0 0.0 0.0 0.0 0.0 0.0 0.0 0.0 0.0 0.0 0.0 0.0 0.0 0.0 0.0 0.0 0.0 0.0 0.0 0.0 0.0 0.0 0.0 0.0 0.0 0.0 0.0 0.0 0.0 0.0 0.0 0.0 0.0 0.0 0.0 0.0 0.0 0.0 0.0 0.0 0.0 0.0 0.0 0.0 0.0 0.0 0.0 0.0 0.0 0.0 0.0 0.0 0.0
0.0 0.0 0.0 0.0 0.0 0.0 0.0 0.0 0.0 0.0 0.0 0.0 0.0 0.0 0.0 0.0 0.0 0.0 0.0 0.0 0.0 0.0 0.0 0.0 0.0 0.0 0.0 0.0 0.0 0.0 0.0 0.0 0.0 0.0 0.0 0.0 0.0 0.0 0.0 0.0 0.0 0.0 0.0 0.0 0.0 0.0 0.0 0.0 0.0 0.0 0.0 0.0 0.0 0.0 0.0 0.0 0.0 0.0 0.0 0.0 0.0 0.0 0.0 0.0 0.0 0.0 0.0 0.0 0.0 0.0 0.0 0.0 0.0 0.0 0.0 0.0 0.0 0.0 0.0 0.0 0.0 0.0 0.0 0.0 0.0 0.0 0.0 0.0 0.0 0.0 0.0 0.0 0.0 0.0 0.0 0.0 0.0 0.0 0.0 0.0 0.0 0.0 0.0 0.0 0.0 0.0 0.0 0.0 0.0 0.0 0.0 0.0 0.0 0.0 0.0 0.0 0.0 0.0 0.0 0.0 0.0 0.0 0.0 0.0 0.0 0.0 0.0 0.0
0.0 0.0 0.0 0.0 0.0 0.0 0.0 0.0 0.0 0.0 0.0 0.0 0.0 0.0 0.0 0.0 0.0 0.0 0.0 0.0 0.0 0.0 0.0 0.0 0.0 0.0 0.0 0.0 0.0 0.0 0.0 0.0 0.0 0.0 0.0 0.0 0.0 0.0 0.0 0.0 0.0 0.0 0.0 0.0 0.0 0.0 0.0 0.0 0.0 0.0 0.0 0.0 0.0 0.0 0.0 0.0 0.0 0.0 0.0 0.0 0.0 0.0 0.0 0.0 0.0 0.0 0.0 0.0 0.0 0.0 0.0 0.0 0.0 0.0 0.0 0.0 0.0 0.0 0.0 0.0 0.0 0.0 0.0 0.0 0.0 0.0 0.0 0.0 0.0 0.0 0.0 0.0 0.0 0.0 0.0 0.0 0.0 0.0 0.0 0.0 0.0 0.0 0.0 0.0 0.0 0.0 0.0 0.0 0.0 0.0 0.0 0.0 0.0 0.0 0.0 0.0 0.0 0.0 0.0 0.0 0.0 0.0 0.0 0.0 0.0 0.0 0.0 0.0
0.0 0.0 0.0 0.0 0.0 0.0 0.0 0.0 0.0 0.0 0.0 0.0 0.0 0.0 0.0 0.0 0.0 0.0 0.0 0.0 0.0 0.0 0.0 0.0 0.0 0.0 0.0 0.0 0.0 0.0 0.0 0.0 0.0 0.0 0.0 0.0 0.0 0.0 0.0 0.0 0.0 0.0 0.0 0.0 0.0 0.0 0.0 0.0 0.0 0.0 0.0 0.0 0.0 0.0 0.0 0.0 0.0 0.0 0.0 0.0 0.0 0.0 0.0 0.0 0.0 0.0 0.0 0.0 0.0 0.0 0.0 0.0 0.0 0.0 0.0 0.0 0.0 0.0 0.0 0.0 0.0 0.0 0.0 0.0 0.0 0.0 0.0 0.0 0.0 0.0 0.0 0.0 0.0 0.0 0.0 0.0 0.0 0.0 0.0 0.0 0.0 0.0 0.0 0.0 0.0 0.0 0.0 0.0 0.0 0.0 0.0 0.0 0.0 0.0 0.0 0.0 0.0 0.0 0.0 0.0 0.0 0.0 0.0 0.0 0.0 0.0 0.0 0.0
0.0 0.0 0.0 0.0 0.0 0.0 0.0 0.0 0.0 0.0 0.0 0.0 0.0 0.0 0.0 0.0 0.0 0.0 0.0 0.0 0.0 0.0 0.0 0.0 0.0 0.0 0.0 0.0 0.0 0.0 0.0 0.0 0.0 0.0 0.0 0.0 0.0 0.0 0.0 0.0 0.0 0.0 0.0 0.0 0.0 0.0 0.0 0.0 0.0 0.0 0.0 0.0 0.0 0.0 0.0 0.0 0.0 0.0 0.0 0.0 0.0 0.0 0.0 0.0 0.0 0.0 0.0 0.0 0.0 0.0 0.0 0.0 0.0 0.0 0.0 0.0 0.0 0.0 0.0 0.0 0.0 0.0 0.0 0.0 0.0 0.0 0.0 0.0 0.0 0.0 0.0 0.0 0.0 0.0 0.0 0.0 0.0 0.0 0.0 0.0 0.0 0.0 0.0 0.0 0.0 0.0 0.0 0.0 0.0 0.0 0.0 0.0 0.0 0.0 0.0 0.0 0.0 0.0 0.0 0.0 0.0 0.0 0.0 0.0 0.0 0.0 0.0 0.0
0.0 0.0 0.0 0.0 0.0 0.0 0.0 0.0 0.0 0.0 0.0 0.0 0.0 0.0 0.0 0.0 0.0 0.0 0.0 0.0 0.0 0.0 0.0 0.0 0.0 0.0 0.0 0.0 0.0 0.0 0.0 0.0 0.0 0.0 0.0 0.0 0.0 0.0 0.0 0.0 0.0 0.0 0.0 0.0 0.0 0.0 0.0 0.0 0.0 0.0 0.0 0.0 0.0 0.0 0.0 0.0 0.0 0.0 0.0 0.0 0.0 0.0 0.0 0.0 0.0 0.0 0.0 0.0 0.0 0.0 0.0 0.0 0.0 0.0 0.0 0.0 0.0 0.0 0.0 0.0 0.0 0.0 0.0 0.0 0.0 0.0 0.0 0.0 0.0 0.0 0.0 0.0 0.0 0.0 0.0 0.0 0.0 0.0 0.0 0.0 0.0 0.0 0.0 0.0 0.0 0.0 0.0 0.0 0.0 0.0 0.0 0.0 0.0 0.0 0.0 0.0 0.0 0.0 0.0 0.0 0.0 0.0 0.0 0.0 0.0 0.0 0.0 0.0
0.14 -0.49 -0.2 -0.08 -0.54 0.27 0.26 0.38 0.17 -0.78 0.13 0.37 0.01 -0.56 0.01 0.27 -0.08 -0.05 0.61 0.18 0.35 -0.32 0.22 0.29 -0.3 -0.49 0.22 0.51 0.32 -0.4 0.29 -0.57 -0.04 0.45 -0.33 0.4 0.52 -0.22 -0.28 0.33 -0.45 0.11 0.01 0.41 0.21 -0.27 0.3 0.1 0.37 -0.76 -0.68 0.74 -0.22 0.93 -0.67 -0.24 -0.46 -0.45 -0.52 0.13 0.15 0.3 -0.14 0.17 -0.43 -0.54 -0.15 -0.07 0.18 0.21 -0.2 -0.31 -0.37 -0.5 -0.48 0.01 -0.48 0.59 0.09 -0.02 -0.14 -0.06 0.54 -0.23 0.44 0.15 -0.4 -0.01 0.58 -0.16 0.16 -0.58 0.33 -0.63 0.16 0.0 0.32 -0.55 0.1 0.02 0.22 -0.48 -0.55 0.11 0.18 0.01 -0.1 0.16 -0.3 -0.77 -0.48 -0.69 0.17 0.67 -0.42 0.38 -0.11 -0.38 0.19 -0.28 0.13 0.3 -0.39 -0.16 0.07 0.18 -0.33 0.06
0.0 0.0 0.0 0.0 0.0 0.0 0.0 0.0 0.0 0.0 0.0 0.0 0.0 0.0 0.0 0.0 0.0 0.0 0.0 0.0 0.0 0.0 0.0 0.0 0.0 0.0 0.0 0.0 0.0 0.0 0.0 0.0 0.0 0.0 0.0 0.0 0.0 0.0 0.0 0.0 0.0 0.0 0.0 0.0 0.0 0.0 0.0 0.0 0.0 0.0 0.0 0.0 0.0 0.0 0.0 0.0 0.0 0.0 0.0 0.0 0.0 0.0 0.0 0.0 0.0 0.0 0.0 0.0 0.0 0.0 0.0 0.0 0.0 0.0 0.0 0.0 0.0 0.0 0.0 0.0 0.0 0.0 0.0 0.0 0.0 0.0 0.0 0.0 0.0 0.0 0.0 0.0 0.0 0.0 0.0 0.0 0.0 0.0 0.0 0.0 0.0 0.0 0.0 0.0 0.0 0.0 0.0 0.0 0.0 0.0 0.0 0.0 0.0 0.0 0.0 0.0 0.0 0.0 0.0 0.0 0.0 0.0 0.0 0.0 0.0 0.0 0.0 0.0
0.0 0.0 0.0 0.0 0.0 0.0 0.0 0.0 0.0 0.0 0.0 0.0 0.0 0.0 0.0 0.0 0.0 0.0 0.0 0.0 0.0 0.0 0.0 0.0 0.0 0.0 0.0 0.0 0.0 0.0 0.0 0.0 0.0 0.0 0.0 0.0 0.0 0.0 0.0 0.0 0.0 0.0 0.0 0.0 0.0 0.0 0.0 0.0 0.0 0.0 0.0 0.0 0.0 0.0 0.0 0.0 0.0 0.0 0.0 0.0 0.0 0.0 0.0 0.0 0.0 0.0 0.0 0.0 0.0 0.0 0.0 0.0 0.0 0.0 0.0 0.0 0.0 0.0 0.0 0.0 0.0 0.0 0.0 0.0 0.0 0.0 0.0 0.0 0.0 0.0 0.0 0.0 0.0 0.0 0.0 0.0 0.0 0.0 0.0 0.0 0.0 0.0 0.0 0.0 0.0 0.0 0.0 0.0 0.0 0.0 0.0 0.0 0.0 0.0 0.0 0.0 0.0 0.0 0.0 0.0 0.0 0.0 0.0 0.0 0.0 0.0 0.0 0.0
0.18 -0.04 -0.21 -0.29 -0.38 -0.02 -0.32 -0.11 0.46 -0.65 -0.02 -0.21 0.06 0.23 0.14 0.2 0.02 -0.17 -0.02 -0.11 -0.51 0.26 0.35 0.33 -0.21 0.05 0.26 0.2 -0.15 -0.39 -0.13 -0.2 -0.2 -0.14 -0.41 -0.38 0.23 0.07 -0.39 0.23 -0.01 0.25 -0.15 -0.4 0.23 -0.24 -0.31 0.34 0.03 -0.29 -0.55 0.21 -0.22 0.32 0.13 -0.65 0.07 0.19 -0.56 -0.01 -0.1 -0.21 0.13 0.02 0.61 0.13 0.52 0.33 -0.25 -0.02 -0.2 -0.22 0.44 0.31 0.17 -0.41 0.33 -0.14 0.21 0.35 -0.2 0.03 0.18 0.12 0.01 -0.58 -0.09 0.25 0.57 0.11 0.23 0.11 0.58 -0.35 0.43 0.1 -0.1 0.11 -0.18 0.25 0.0 -0.56 0.19 0.4 -0.2 -0.46 -0.13 0.42 -0.22 -0.26 0.62 -0.32 0.22 -0.25 0.19 -0.15 -0.23 -0.12 -0.23 0.31 0.41 -0.03 0.22 -0.24 0.39 -0.22 -0.14 -0.26
0.0 0.0 0.0 0.0 0.0 0.0 0.0 0.0 0.0 0.0 0.0 0.0 0.0 0.0 0.0 0.0 0.0 0.0 0.0 0.0 0.0 0.0 0.0 0.0 0.0 0.0 0.0 0.0 0.0 0.0 0.0 0.0 0.0 0.0 0.0 0.0 0.0 0.0 0.0 0.0 0.0 0.0 0.0 0.0 0.0 0.0 0.0 0.0 0.0 0.0 0.0 0.0 0.0 0.0 0.0 0.0 0.0 0.0 0.0 0.0 0.0 0.0 0.0 0.0 0.0 0.0 0.0 0.0 0.0 0.0 0.0 0.0 0.0 0.0 0.0 0.0 0.0 0.0 0.0 0.0 0.0 0.0 0.0 0.0 0.0 0.0 0.0 0.0 0.0 0.0 0.0 0.0 0.0 0.0 0.0 0.0 0.0 0.0 0.0 0.0 0.0 0.0 0.0 0.0 0.0 0.0 0.0 0.0 0.0 0.0 0.0 0.0 0.0 0.0 0.0 0.0 0.0 0.0 0.0 0.0 0.0 0.0 0.0 0.0 0.0 0.0 0.0 0.0
0.03 0.16 -0.4 -0.5 -0.19 0.04 0.13 -0.02 0.21 -0.49 -0.41 -0.26 -0.16 -0.23 0.33 0.14 0.18 0.31 0.62 0.25 -0.19 -0.47 0.04 0.01 -0.56 -0.21 -0.2 0.24 -0.23 -0.6 0.01 -0.12 -0.03 0.06 0.09 -0.19 0.3 -0.61 0.17 -0.26 -0.26 0.17 0.27 -0.31 0.32 -0.12 0.29 0.45 -0.07 -0.16 -0.29 0.27 -0.45 0.23 -0.31 -0.39 -0.42 -0.05 -0.63 -0.31 0.49 0.32 0.41 0.05 0.13 -0.34 -0.02 0.2 -0.05 -0.17 0.13 -0.26 -0.04 0.27 -0.18 -0.27 0.02 -0.12 0.38 -0.17 0.14 0.07 0.35 -0.15 -0.05 0.13 -0.8 0.17 0.23 -0.68 0.19 0.3 0.41 -0.05 0.25 0.04 0.12 -0.57 0.23 -0.06 -0.29 -0.37 0.1 -0.14 -0.24 -0.21 0.02 0.1 -0.27 -0.61 -0.01 -0.41 0.25 0.8 0.09 0.1 -0.02 -0.31 -0.15 -0.17 0.15 -0.08 0.06 0.06 0.25 0.03 0.01 0.09
0.0 0.0 0.0 0.0 0.0 0.0 0.0 0.0 0.0 0.0 0.0 0.0 0.0 0.0 0.0 0.0 0.0 0.0 0.0 0.0 0.0 0.0 0.0 0.0 0.0 0.0 0.0 0.0 0.0 0.0 0.0 0.0 0.0 0.0 0.0 0.0 0.0 0.0 0.0 0.0 0.0 0.0 0.0 0.0 0.0 0.0 0.0 0.0 0.0 0.0 0.0 0.0 0.0 0.0 0.0 0.0 0.0 0.0 0.0 0.0 0.0 0.0 0.0 0.0 0.0 0.0 0.0 0.0 0.0 0.0 0.0 0.0 0.0 0.0 0.0 0.0 0.0 0.0 0.0 0.0 0.0 0.0 0.0 0.0 0.0 0.0 0.0 0.0 0.0 0.0 0.0 0.0 0.0 0.0 0.0 0.0 0.0 0.0 0.0 0.0 0.0 0.0 0.0 0.0 0.0 0.0 0.0 0.0 0.0 0.0 0.0 0.0 0.0 0.0 0.0 0.0 0.0 0.0 0.0 0.0 0.0 0.0 0.0 0.0 0.0 0.0 0.0 0.0
0.0 0.0 0.0 0.0 0.0 0.0 0.0 0.0 0.0 0.0 0.0 0.0 0.0 0.0 0.0 0.0 0.0 0.0 0.0 0.0 0.0 0.0 0.0 0.0 0.0 0.0 0.0 0.0 0.0 0.0 0.0 0.0 0.0 0.0 0.0 0.0 0.0 0.0 0.0 0.0 0.0 0.0 0.0 0.0 0.0 0.0 0.0 0.0 0.0 0.0 0.0 0.0 0.0 0.0 0.0 0.0 0.0 0.0 0.0 0.0 0.0 0.0 0.0 0.0 0.0 0.0 0.0 0.0 0.0 0.0 0.0 0.0 0.0 0.0 0.0 0.0 0.0 0.0 0.0 0.0 0.0 0.0 0.0 0.0 0.0 0.0 0.0 0.0 0.0 0.0 0.0 0.0 0.0 0.0 0.0 0.0 0.0 0.0 0.0 0.0 0.0 0.0 0.0 0.0 0.0 0.0 0.0 0.0 0.0 0.0 0.0 0.0 0.0 0.0 0.0 0.0 0.0 0.0 0.0 0.0 0.0 0.0 0.0 0.0 0.0 0.0 0.0 0.0
0.0 0.0 0.0 0.0 0.0 0.0 0.0 0.0 0.0 0.0 0.0 0.0 0.0 0.0 0.0 0.0 0.0 0.0 0.0 0.0 0.0 0.0 0.0 0.0 0.0 0.0 0.0 0.0 0.0 0.0 0.0 0.0 0.0 0.0 0.0 0.0 0.0 0.0 0.0 0.0 0.0 0.0 0.0 0.0 0.0 0.0 0.0 0.0 0.0 0.0 0.0 0.0 0.0 0.0 0.0 0.0 0.0 0.0 0.0 0.0 0.0 0.0 0.0 0.0 0.0 0.0 0.0 0.0 0.0 0.0 0.0 0.0 0.0 0.0 0.0 0.0 0.0 0.0 0.0 0.0 0.0 0.0 0.0 0.0 0.0 0.0 0.0 0.0 0.0 0.0 0.0 0.0 0.0 0.0 0.0 0.0 0.0 0.0 0.0 0.0 0.0 0.0 0.0 0.0 0.0 0.0 0.0 0.0 0.0 0.0 0.0 0.0 0.0 0.0 0.0 0.0 0.0 0.0 0.0 0.0 0.0 0.0 0.0 0.0 0.0 0.0 0.0 0.0
0.18 -0.03 -0.24 -0.3 -0.39 -0.02 -0.33 -0.14 0.46 -0.66 -0.05 -0.24 0.06 0.23 0.15 0.22 0.02 -0.15 -0.01 -0.11 -0.57 0.28 0.34 0.34 -0.24 0.06 0.25 0.23 -0.17 -0.43 -0.16 -0.2 -0.22 -0.15 -0.41 -0.4 0.26 0.07 -0.37 0.22 -0.01 0.26 -0.16 -0.44 0.26 -0.24 -0.34 0.38 0.01 -0.25 -0.57 0.21 -0.23 0.32 0.15 -0.69 0.08 0.21 -0.56 -0.03 -0.07 -0.21 0.15 0.01 0.66 0.12 0.54 0.34 -0.26 -0.03 -0.2 -0.22 0.47 0.35 0.19 -0.44 0.35 -0.18 0.24 0.33 -0.18 0.02 0.18 0.11 -0.01 -0.58 -0.14 0.27 0.57 0.08 0.23 0.13 0.62 -0.35 0.46 0.12 -0.1 0.09 -0.19 0.26 -0.02 -0.57 0.22 0.42 -0.22 -0.49 -0.14 0.44 -0.22 -0.29 0.64 -0.36 0.24 -0.25 0.21 -0.17 -0.24 -0.14 -0.26 0.32 0.42 -0.05 0.25 -0.24 0.43 -0.23 -0.14 -0.26
0.0 0.0 0.0 0.0 0.0 0.0 0.0 0.0 0.0 0.0 0.0 0.0 0.0 0.0 0.0 0.0 0.0 0.0 0.0 0.0 0.0 0.0 0.0 0.0 0.0 0.0 0.0 0.0 0.0 0.0 0.0 0.0 0.0 0.0 0.0 0.0 0.0 0.0 0.0 0.0 0.0 0.0 0.0 0.0 0.0 0.0 0.0 0.0 0.0 0.0 0.0 0.0 0.0 0.0 0.0 0.0 0.0 0.0 0.0 0.0 0.0 0.0 0.0 0.0 0.0 0.0 0.0 0.0 0.0 0.0 0.0 0.0 0.0 0.0 0.0 0.0 0.0 0.0 0.0 0.0 0.0 0.0 0.0 0.0 0.0 0.0 0.0 0.0 0.0 0.0 0.0 0.0 0.0 0.0 0.0 0.0 0.0 0.0 0.0 0.0 0.0 0.0 0.0 0.0 0.0 0.0 0.0 0.0 0.0 0.0 0.0 0.0 0.0 0.0 0.0 0.0 0.0 0.0 0.0 0.0 0.0 0.0 0.0 0.0 0.0 0.0 0.0 0.0
0.15 -0.02 -0.25 -0.31 -0.32 -0.05 -0.31 -0.12 0.42 -0.57 -0.09 -0.22 0.03 0.2 0.15 0.2 0.04 -0.11 0.04 -0.12 -0.49 0.18 0.28 0.34 -0.18 0.08 0.22 0.16 -0.16 -0.38 -0.11 -0.21 -0.22 -0.15 -0.33 -0.34 0.23 0.02 -0.33 0.18 -0.01 0.22 -0.09 -0.4 0.27 -0.25 -0.26 0.36 0.02 -0.23 -0.5 0.18 -0.24 0.26 0.09 -0.58 0.06 0.11 -0.52 -0.03 -0.02 -0.17 0.13 0.03 0.57 0.1 0.47 0.29 -0.19 -0.05 -0.19 -0.23 0.38 0.31 0.15 -0.37 0.24 -0.14 0.23 0.27 -0.14 0.04 0.16 0.1 -0.03 -0.49 -0.13 0.23 0.53 0.04 0.21 0.14 0.54 -0.26 0.4 0.09 -0.08 0.09 -0.14 0.26 -0.03 -0.51 0.2 0.37 -0.2 -0.41 -0.13 0.35 -0.22 -0.26 0.56 -0.34 0.2 -0.15 0.16 -0.08 -0.21 -0.1 -0.21 0.28 0.34 -0.03 0.23 -0.21 0.37 -0.16 -0.1 -0.21
0.04 0.17 -0.39 -0.47 -0.21 0.05 0.11 -0.03 0.19 -0.47 -0.39 -0.28 -0.15 -0.21 0.33 0.15 0.17 0.32 0.56 0.23 -0.24 -0.4 0.03 0.0 -0.55 -0.19 -0.2 0.24 -0.24 -0.58 -0.01 -0.09 -0.03 0.05 0.08 -0.21 0.3 -0.56 0.17 -0.27 -0.24 0.19 0.22 -0.32 0.29 -0.11 0.24 0.44 -0.08 -0.11 -0.27 0.25 -0.42 0.2 -0.27 -0.41 -0.37 -0.01 -0.59 -0.3 0.47 0.3 0.38 0.02 0.16 -0.32 0.01 0.21 -0.08 -0.16 0.12 -0.24 0.02 0.28 -0.14 -0.28 0.05 -0.15 0.38 -0.17 0.13 0.07 0.33 -0.14 -0.06 0.11 -0.76 0.17 0.2 -0.64 0.16 0.29 0.4 -0.04 0.28 0.06 0.12 -0.54 0.21 -0.05 -0.3 -0.35 0.11 -0.13 -0.24 -0.22 -0.01 0.13 -0.25 -0.59 0.02 -0.39 0.24 0.73 0.12 0.06 -0.03 -0.31 -0.16 -0.14 0.15 -0.08 0.08 0.05 0.29 0.02 0.02 0.07
0.0 0.0 0.0 0.0 0.0 0.0 0.0 0.0 0.0 0.0 0.0 0.0 0.0 0.0 0.0 0.0 0.0 0.0 0.0 0.0 0.0 0.0 0.0 0.0 0.0 0.0 0.0 0.0 0.0 0.0 0.0 0.0 0.0 0.0 0.0 0.0 0.0 0.0 0.0 0.0 0.0 0.0 0.0 0.0 0.0 0.0 0.0 0.0 0.0 0.0 0.0 0.0 0.0 0.0 0.0 0.0 0.0 0.0 0.0 0.0 0.0 0.0 0.0 0.0 0.0 0.0 0.0 0.0 0.0 0.0 0.0 0.0 0.0 0.0 0.0 0.0 0.0 0.0 0.0 0.0 0.0 0.0 0.0 0.0 0.0 0.0 0.0 0.0 0.0 0.0 0.0 0.0 0.0 0.0 0.0 0.0 0.0 0.0 0.0 0.0 0.0 0.0 0.0 0.0 0.0 0.0 0.0 0.0 0.0 0.0 0.0 0.0 0.0 0.0 0.0 0.0 0.0 0.0 0.0 0.0 0.0 0.0 0.0 0.0 0.0 0.0 0.0 0.0
0.27 -0.07 0.15 0.27 -0.77 0.28 0.26 0.1 0.02 -0.11 -0.02 -0.1 0.37 -0.31 0.09 -0.05 -0.23 0.16 -0.04 0.39 -0.35 0.43 0.24 -0.27 -0.5 -0.27 -0.22 0.72 0.02 -0.53 -0.08 0.02 0.24 0.4 -0.24 -0.25 0.45 0.23 0.05 0.08 -0.4 0.67 -0.45 0.35 -0.4 0.17 -0.6 0.13 -0.02 0.03 -0.04 0.33 0.09 0.47 0.18 -0.64 -0.24 0.66 -0.08 -0.22 0.02 0.34 -0.13 0.06 0.28 -0.3 0.2 0.38 -0.57 0.15 0.2 0.03 0.45 0.0 -0.02 -0.13 0.37 -0.25 0.48 -0.22 -0.11 -0.22 0.18 -0.1 0.07 -0.11 -0.64 0.11 -0.02 -0.06 -0.07 -0.32 0.2 -0.52 0.42 0.39 0.15 -0.48 0.14 -0.36 0.12 -0.35 -0.12 0.02 -0.22 -0.33 -0.13 0.73 0.36 -0.37 -0.26 0.01 0.29 -0.22 0.43 -0.46 -0.23 -0.3 -0.6 0.43 0.43 -0.23 -0.32 0.13 0.33 -0.35 -0.4 -0.14
0.0 0.0 0.0 0.0 0.0 0.0 0.0 0.0 0.0 0.0 0.0 0.0 0.0 0.0 0.0 0.0 0.0 0.0 0.0 0.0 0.0 0.0 0.0 0.0 0.0 0.0 0.0 0.0 0.0 0.0 0.0 0.0 0.0 0.0 0.0 0.0 0.0 0.0 0.0 0.0 0.0 0.0 0.0 0.0 0.0 0.0 0.0 0.0 0.0 0.0 0.0 0.0 0.0 0.0 0.0 0.0 0.0 0.0 0.0 0.0 0.0 0.0 0.0 0.0 0.0 0.0 0.0 0.0 0.0 0.0 0.0 0.0 0.0 0.0 0.0 0.0 0.0 0.0 0.0 0.0 0.0 0.0 0.0 0.0 0.0 0.0 0.0 0.0 0.0 0.0 0.0 0.0 0.0 0.0 0.0 0.0 0.0 0.0 0.0 0.0 0.0 0.0 0.0 0.0 0.0 0.0 0.0 0.0 0.0 0.0 0.0 0.0 0.0 0.0 0.0 0.0 0.0 0.0 0.0 0.0 0.0 0.0 0.0 0.0 0.0 0.0 0.0 0.0
0.0 0.0 0.0 0.0 0.0 0.0 0.0 0.0 0.0 0.0 0.0 0.0 0.0 0.0 0.0 0.0 0.0 0.0 0.0 0.0 0.0 0.0 0.0 0.0 0.0 0.0 0.0 0.0 0.0 0.0 0.0 0.0 0.0 0.0 0.0 0.0 0.0 0.0 0.0 0.0 0.0 0.0 0.0 0.0 0.0 0.0 0.0 0.0 0.0 0.0 0.0 0.0 0.0 0.0 0.0 0.0 0.0 0.0 0.0 0.0 0.0 0.0 0.0 0.0 0.0 0.0 0.0 0.0 0.0 0.0 0.0 0.0 0.0 0.0 0.0 0.0 0.0 0.0 0.0 0.0 0.0 0.0 0.0 0.0 0.0 0.0 0.0 0.0 0.0 0.0 0.0 0.0 0.0 0.0 0.0 0.0 0.0 0.0 0.0 0.0 0.0 0.0 0.0 0.0 0.0 0.0 0.0 0.0 0.0 0.0 0.0 0.0 0.0 0.0 0.0 0.0 0.0 0.0 0.0 0.0 0.0 0.0 0.0 0.0 0.0 0.0 0.0 0.0
0.18 -0.06 -0.24 -0.32 -0.42 -0.04 -0.35 -0.12 0.49 -0.66 -0.07 -0.23 0.07 0.22 0.15 0.22 0.02 -0.16 0.02 -0.14 -0.56 0.25 0.35 0.39 -0.19 0.07 0.27 0.2 -0.15 -0.43 -0.13 -0.26 -0.24 -0.14 -0.42 -0.41 0.27 0.07 -0.41 0.25 -0.02 0.28 -0.14 -0.39 0.26 -0.28 -0.36 0.39 0.04 -0.3 -0.58 0.22 -0.24 0.33 0.13 -0.68 0.08 0.17 -0.59 -0.01 -0.06 -0.2 0.12 0.04 0.66 0.14 0.56 0.35 -0.24 -0.02 -0.22 -0.25 0.45 0.34 0.16 -0.41 0.3 -0.15 0.26 0.32 -0.19 0.04 0.16 0.13 -0.01 -0.6 -0.13 0.25 0.61 0.11 0.23 0.1 0.61 -0.34 0.47 0.12 -0.09 0.12 -0.16 0.28 0.0 -0.61 0.21 0.44 -0.22 -0.48 -0.15 0.44 -0.21 -0.27 0.64 -0.36 0.24 -0.24 0.18 -0.1 -0.25 -0.11 -0.27 0.36 0.42 -0.05 0.24 -0.23 0.43 -0.2 -0.15 -0.27
0.0 0.0 0.0 0.0 0.0 0.0 0.0 0.0 0.0 0.0 0.0 0.0 0.0 0.0 0.0 0.0 0.0 0.0 0.0 0.0 0.0 0.0 0.0 0.0 0.0 0.0 0.0 0.0 0.0 0.0 0.0 0.0 0.0 0.0 0.0 0.0 0.0 0.0 0.0 0.0 0.0 0.0 0.0 0.0 0.0 0.0 0.0 0.0 0.0 0.0 0.0 0.0 0.0 0.0 0.0 0.0 0.0 0.0 0.0 0.0 0.0 0.0 0.0 0.0 0.0 0.0 0.0 0.0 0.0 0.0 0.0 0.0 0.0 0.0 0.0 0.0 0.0 0.0 0.0 0.0 0.0 0.0 0.0 0.0 0.0 0.0 0.0 0.0 0.0 0.0 0.0 0.0 0.0 0.0 0.0 0.0 0.0 0.0 0.0 0.0 0.0 0.0 0.0 0.0 0.0 0.0 0.0 0.0 0.0 0.0 0.0 0.0 0.0 0.0 0.0 0.0 0.0 0.0 0.0 0.0 0.0 0.0 0.0 0.0 0.0 0.0 0.0 0.0
0.0 0.0 0.0 0.0 0.0 0.0 0.0 0.0 0.0 0.0 0.0 0.0 0.0 0.0 0.0 0.0 0.0 0.0 0.0 0.0 0.0 0.0 0.0 0.0 0.0 0.0 0.0 0.0 0.0 0.0 0.0 0.0 0.0 0.0 0.0 0.0 0.0 0.0 0.0 0.0 0.0 0.0 0.0 0.0 0.0 0.0 0.0 0.0 0.0 0.0 0.0 0.0 0.0 0.0 0.0 0.0 0.0 0.0 0.0 0.0 0.0 0.0 0.0 0.0 0.0 0.0 0.0 0.0 0.0 0.0 0.0 0.0 0.0 0.0 0.0 0.0 0.0 0.0 0.0 0.0 0.0 0.0 0.0 0.0 0.0 0.0 0.0 0.0 0.0 0.0 0.0 0.0 0.0 0.0 0.0 0.0 0.0 0.0 0.0 0.0 0.0 0.0 0.0 0.0 0.0 0.0 0.0 0.0 0.0 0.0 0.0 0.0 0.0 0.0 0.0 0.0 0.0 0.0 0.0 0.0 0.0 0.0 0.0 0.0 0.0 0.0 0.0 0.0
0.32 -0.09 0.13 0.27 -0.86 0.28 0.26 0.09 0.07 -0.19 -0.05 -0.14 0.39 -0.3 0.1 -0.01 -0.26 0.17 -0.06 0.41 -0.45 0.52 0.3 -0.27 -0.58 -0.28 -0.2 0.81 0.0 -0.64 -0.11 0.01 0.22 0.41 -0.31 -0.31 0.52 0.25 0.02 0.11 -0.44 0.74 -0.52 0.31 -0.38 0.19 -0.67 0.18 -0.04 0.03 -0.12 0.37 0.07 0.53 0.23 -0.77 -0.24 0.73 -0.16 -0.25 0.03 0.33 -0.1 0.05 0.39 -0.34 0.27 0.44 -0.63 0.16 0.2 0.02 0.53 0.05 0.02 -0.21 0.45 -0.32 0.54 -0.2 -0.13 -0.26 0.22 -0.11 0.08 -0.18 -0.73 0.14 0.03 -0.08 -0.04 -0.32 0.31 -0.61 0.51 0.44 0.14 -0.5 0.11 -0.34 0.13 -0.44 -0.09 0.07 -0.26 -0.43 -0.14 0.84 0.35 -0.46 -0.2 -0.05 0.35 -0.27 0.49 -0.54 -0.28 -0.35 -0.67 0.49 0.52 -0.25 -0.31 0.1 0.4 -0.42 -0.43 -0.18
0.0 0.0 0.0 0.0 0.0 0.0 0.0 0.0 0.0 0.0 0.0 0.0 0.0 0.0 0.0 0.0 0.0 0.0 0.0 0.0 0.0 0.0 0.0 0.0 0.0 0.0 0.0 0.0 0.0 0.0 0.0 0.0 0.0 0.0 0.0 0.0 0.0 0.0 0.0 0.0 0.0 0.0 0.0 0.0 0.0 0.0 0.0 0.0 0.0 0.0 0.0 0.0 0.0 0.0 0.0 0.0 0.0 0.0 0.0 0.0 0.0 0.0 0.0 0.0 0.0 0.0 0.0 0.0 0.0 0.0 0.0 0.0 0.0 0.0 0.0 0.0 0.0 0.0 0.0 0.0 0.0 0.0 0.0 0.0 0.0 0.0 0.0 0.0 0.0 0.0 0.0 0.0 0.0 0.0 0.0 0.0 0.0 0.0 0.0 0.0 0.0 0.0 0.0 0.0 0.0 0.0 0.0 0.0 0.0 0.0 0.0 0.0 0.0 0.0 0.0 0.0 0.0 0.0 0.0 0.0 0.0 0.0 0.0 0.0 0.0 0.0 0.0 0.0
0.0 0.0 0.0 0.0 0.0 0.0 0.0 0.0 0.0 0.0 0.0 0.0 0.0 0.0 0.0 0.0 0.0 0.0 0.0 0.0 0.0 0.0 0.0 0.0 0.0 0.0 0.0 0.0 0.0 0.0 0.0 0.0 0.0 0.0 0.0 0.0 0.0 0.0 0.0 0.0 0.0 0.0 0.0 0.0 0.0 0.0 0.0 0.0 0.0 0.0 0.0 0.0 0.0 0.0 0.0 0.0 0.0 0.0 0.0 0.0 0.0 0.0 0.0 0.0 0.0 0.0 0.0 0.0 0.0 0.0 0.0 0.0 0.0 0.0 0.0 0.0 0.0 0.0 0.0 0.0 0.0 0.0 0.0 0.0 0.0 0.0 0.0 0.0 0.0 0.0 0.0 0.0 0.0 0.0 0.0 0.0 0.0 0.0 0.0 0.0 0.0 0.0 0.0 0.0 0.0 0.0 0.0 0.0 0.0 0.0 0.0 0.0 0.0 0.0 0.0 0.0 0.0 0.0 0.0 0.0 0.0 0.0 0.0 0.0 0.0 0.0 0.0 0.0
0.0 0.0 0.0 0.0 0.0 0.0 0.0 0.0 0.0 0.0 0.0 0.0 0.0 0.0 0.0 0.0 0.0 0.0 0.0 0.0 0.0 0.0 0.0 0.0 0.0 0.0 0.0 0.0 0.0 0.0 0.0 0.0 0.0 0.0 0.0 0.0 0.0 0.0 0.0 0.0 0.0 0.0 0.0 0.0 0.0 0.0 0.0 0.0 0.0 0.0 0.0 0.0 0.0 0.0 0.0 0.0 0.0 0.0 0.0 0.0 0.0 0.0 0.0 0.0 0.0 0.0 0.0 0.0 0.0 0.0 0.0 0.0 0.0 0.0 0.0 0.0 0.0 0.0 0.0 0.0 0.0 0.0 0.0 0.0 0.0 0.0 0.0 0.0 0.0 0.0 0.0 0.0 0.0 0.0 0.0 0.0 0.0 0.0 0.0 0.0 0.0 0.0 0.0 0.0 0.0 0.0 0.0 0.0 0.0 0.0 0.0 0.0 0.0 0.0 0.0 0.0 0.0 0.0 0.0 0.0 0.0 0.0 0.0 0.0 0.0 0.0 0.0 0.0
0.04 0.15 -0.4 -0.51 -0.22 0.04 0.19 -0.01 0.22 -0.55 -0.46 -0.26 -0.2 -0.27 0.34 0.17 0.17 0.36 0.68 0.3 -0.17 -0.48 0.06 -0.04 -0.65 -0.25 -0.22 0.29 -0.27 -0.69 0.0 -0.13 -0.04 0.09 0.09 -0.19 0.34 -0.66 0.19 -0.29 -0.31 0.21 0.27 -0.3 0.34 -0.09 0.33 0.45 -0.09 -0.17 -0.34 0.32 -0.49 0.29 -0.35 -0.44 -0.47 -0.05 -0.7 -0.35 0.55 0.35 0.47 0.05 0.14 -0.43 -0.04 0.23 -0.05 -0.18 0.16 -0.27 -0.06 0.27 -0.19 -0.3 0.03 -0.15 0.41 -0.2 0.14 0.0 0.4 -0.2 -0.01 0.16 -0.93 0.18 0.24 -0.77 0.22 0.31 0.5 -0.1 0.28 0.06 0.13 -0.64 0.23 -0.07 -0.32 -0.41 0.11 -0.17 -0.26 -0.24 0.04 0.16 -0.3 -0.73 -0.05 -0.47 0.27 0.88 0.09 0.06 -0.02 -0.35 -0.16 -0.19 0.19 -0.08 0.06 0.05 0.27 -0.01 -0.01 0.1
0.03 0.16 -0.36 -0.45 -0.16 0.03 0.08 -0.03 0.19 -0.43 -0.35 -0.24 -0.13 -0.18 0.3 0.13 0.17 0.27 0.53 0.19 -0.18 -0.41 0.02 0.02 -0.47 -0.16 -0.17 0.19 -0.21 -0.51 0.01 -0.1 -0.04 0.02 0.08 -0.19 0.26 -0.53 0.13 -0.23 -0.21 0.15 0.23 -0.29 0.29 -0.13 0.24 0.4 -0.07 -0.13 -0.26 0.23 -0.4 0.18 -0.27 -0.35 -0.34 -0.04 -0.56 -0.26 0.42 0.26 0.35 0.03 0.13 -0.27 0.01 0.18 -0.05 -0.16 0.09 -0.23 -0.02 0.25 -0.14 -0.24 0.01 -0.11 0.33 -0.14 0.12 0.08 0.29 -0.12 -0.05 0.1 -0.66 0.15 0.21 -0.58 0.16 0.27 0.35 -0.02 0.23 0.02 0.1 -0.48 0.2 -0.03 -0.26 -0.32 0.1 -0.11 -0.21 -0.18 0.0 0.09 -0.24 -0.52 0.02 -0.36 0.21 0.69 0.08 0.09 -0.01 -0.26 -0.12 -0.14 0.12 -0.06 0.08 0.05 0.23 0.04 0.03 0.07
0.14 -0.04 -0.23 -0.29 -0.31 -0.04 -0.3 -0.11 0.41 -0.56 -0.09 -0.21 0.03 0.2 0.14 0.2 0.03 -0.11 0.03 -0.12 -0.48 0.19 0.28 0.33 -0.17 0.08 0.23 0.15 -0.15 -0.37 -0.11 -0.21 -0.22 -0.15 -0.34 -0.33 0.23 0.03 -0.32 0.19 -0.02 0.22 -0.1 -0.39 0.26 -0.23 -0.26 0.34 0.02 -0.23 -0.5 0.17 -0.23 0.26 0.1 -0.56 0.06 0.11 -0.51 -0.02 -0.02 -0.18 0.14 0.02 0.56 0.1 0.46 0.28 -0.18 -0.04 -0.18 -0.22 0.37 0.3 0.15 -0.36 0.25 -0.13 0.21 0.26 -0.13 0.02 0.15 0.09 -0.02 -0.48 -0.13 0.22 0.51 0.05 0.21 0.12 0.53 -0.26 0.38 0.09 -0.08 0.1 -0.14 0.26 -0.03 -0.5 0.2 0.37 -0.19 -0.41 -0.12 0.35 -0.21 -0.25 0.55 -0.33 0.2 -0.16 0.15 -0.09 -0.2 -0.1 -0.21 0.28 0.35 -0.04 0.23 -0.21 0.37 -0.17 -0.09 -0.21
0.0 0.0 0.0 0.0 0.0 0.0 0.0 0.0 0.0 0.0 0.0 0.0 0.0 0.0 0.0 0.0 0.0 0.0 0.0 0.0 0.0 0.0 0.0 0.0 0.0 0.0 0.0 0.0 0.0 0.0 0.0 0.0 0.0 0.0 0.0 0.0 0.0 0.0 0.0 0.0 0.0 0.0 0.0 0.0 0.0 0.0 0.0 0.0 0.0 0.0 0.0 0.0 0.0 0.0 0.0 0.0 0.0 0.0 0.0 0.0 0.0 0.0 0.0 0.0 0.0 0.0 0.0 0.0 0.0 0.0 0.0 0.0 0.0 0.0 0.0 0.0 0.0 0.0 0.0 0.0 0.0 0.0 0.0 0.0 0.0 0.0 0.0 0.0 0.0 0.0 0.0 0.0 0.0 0.0 0.0 0.0 0.0 0.0 0.0 0.0 0.0 0.0 0.0 0.0 0.0 0.0 0.0 0.0 0.0 0.0 0.0 0.0 0.0 0.0 0.0 0.0 0.0 0.0 0.0 0.0 0.0 0.0 0.0 0.0 0.0 0.0 0.0 0.0
0.0 0.0 0.0 0.0 0.0 0.0 0.0 0.0 0.0 0.0 0.0 0.0 0.0 0.0 0.0 0.0 0.0 0.0 0.0 0.0 0.0 0.0 0.0 0.0 0.0 0.0 0.0 0.0 0.0 0.0 0.0 0.0 0.0 0.0 0.0 0.0 0.0 0.0 0.0 0.0 0.0 0.0 0.0 0.0 0.0 0.0 0.0 0.0 0.0 0.0 0.0 0.0 0.0 0.0 0.0 0.0 0.0 0.0 0.0 0.0 0.0 0.0 0.0 0.0 0.0 0.0 0.0 0.0 0.0 0.0 0.0 0.0 0.0 0.0 0.0 0.0 0.0 0.0 0.0 0.0 0.0 0.0 0.0 0.0 0.0 0.0 0.0 0.0 0.0 0.0 0.0 0.0 0.0 0.0 0.0 0.0 0.0 0.0 0.0 0.0 0.0 0.0 0.0 0.0 0.0 0.0 0.0 0.0 0.0 0.0 0.0 0.0 0.0 0.0 0.0 0.0 0.0 0.0 0.0 0.0 0.0 0.0 0.0 0.0 0.0 0.0 0.0 0.0
0.0 0.0 0.0 0.0 0.0 0.0 0.0 0.0 0.0 0.0 0.0 0.0 0.0 0.0 0.0 0.0 0.0 0.0 0.0 0.0 0.0 0.0 0.0 0.0 0.0 0.0 0.0 0.0 0.0 0.0 0.0 0.0 0.0 0.0 0.0 0.0 0.0 0.0 0.0 0.0 0.0 0.0 0.0 0.0 0.0 0.0 0.0 0.0 0.0 0.0 0.0 0.0 0.0 0.0 0.0 0.0 0.0 0.0 0.0 0.0 0.0 0.0 0.0 0.0 0.0 0.0 0.0 0.0 0.0 0.0 0.0 0.0 0.0 0.0 0.0 0.0 0.0 0.0 0.0 0.0 0.0 0.0 0.0 0.0 0.0 0.0 0.0 0.0 0.0 0.0 0.0 0.0 0.0 0.0 0.0 0.0 0.0 0.0 0.0 0.0 0.0 0.0 0.0 0.0 0.0 0.0 0.0 0.0 0.0 0.0 0.0 0.0 0.0 0.0 0.0 0.0 0.0 0.0 0.0 0.0 0.0 0.0 0.0 0.0 0.0 0.0 0.0 0.0
0.16 -0.49 -0.21 -0.11 -0.57 0.3 0.23 0.44 0.24 -0.83 0.14 0.4 0.02 -0.56 0.03 0.26 -0.06 -0.1 0.65 0.15 0.39 -0.41 0.22 0.35 -0.29 -0.52 0.24 0.5 0.32 -0.41 0.31 -0.59 -0.06 0.48 -0.31 0.37 0.52 -0.24 -0.33 0.34 -0.44 0.13 0.05 0.45 0.19 -0.34 0.3 0.13 0.41 -0.85 -0.7 0.79 -0.26 0.94 -0.73 -0.27 -0.49 -0.46 -0.57 0.17 0.13 0.33 -0.2 0.23 -0.48 -0.49 -0.13 -0.03 0.16 0.23 -0.22 -0.36 -0.38 -0.51 -0.53 0.04 -0.51 0.65 0.11 0.03 -0.2 0.0 0.54 -0.2 0.42 0.12 -0.36 -0.03 0.66 -0.13 0.14 -0.63 0.31 -0.65 0.17 -0.03 0.31 -0.58 0.14 0.01 0.26 -0.5 -0.61 0.1 0.16 0.02 -0.14 0.16 -0.3 -0.73 -0.48 -0.66 0.18 0.68 -0.44 0.45 -0.11 -0.36 0.19 -0.26 0.12 0.32 -0.44 -0.11 0.07 0.23 -0.37 0.04
